8 3
PerfectInfo PenaltyBd MaxwellBd
0.060 0 
85.190 0.330 0.000
90.542 0.308 0.238
86.815 0.327 0.169
0.070 0 
99.465 0.346 0.000
104.960 0.296 0.272
101.420 0.348 0.198
0.080 0 
113.995 0.387 0.000
118.971 0.318 0.306
116.255 0.393 0.228
0.090 0 
127.785 0.377 0.000
131.548 0.308 0.333
130.675 0.389 0.256
0.100 0 
141.350 0.366 0.000
143.099 0.289 0.357
144.870 0.382 0.285
0.110 0 
155.210 0.389 0.000
155.634 0.361 0.380
159.545 0.408 0.314
0.120 0 
168.115 0.409 0.000
166.157 0.327 0.402
173.645 0.417 0.343
0.130 0 
180.685 0.391 0.000
177.486 0.379 0.413
187.245 0.416 0.371
