8 4
LowerBd PerfectInfo PenaltyBd MaxwellBd
0.040 0 
54.410 0.280 0.000
51.738 0.216 0.313
57.975 0.307 0.187
0.050 0 
66.645 0.276 0.000
59.371 0.161 0.323
72.285 0.308 0.235
0.060 0 
78.560 0.267 0.000
68.170 0.136 0.331
86.120 0.314 0.281
0.070 0 
89.070 0.271 0.000
76.381 0.131 0.346
99.910 0.327 0.328
0.080 0 
99.295 0.281 0.000
84.555 0.127 0.365
113.305 0.353 0.375
0.090 0 
108.495 0.274 0.000
92.003 0.145 0.388
125.930 0.339 0.419
0.100 0 
116.775 0.261 0.000
99.468 0.125 0.405
137.665 0.315 0.461
0.110 0 
125.180 0.285 0.000
106.878 0.160 0.422
149.010 0.320 0.501
