149 6
0.0000 0.0000 0.0000 0.0000 0.0000 0.0000
0.0005 0.0005 0.0008 0.0011 0.0013 0.0016
0.0010 0.0010 0.0015 0.0021 0.0026 0.0031
0.0035 0.0035 0.0053 0.0071 0.0089 0.0107
0.0058 0.0058 0.0089 0.0119 0.0150 0.0180
0.0114 0.0114 0.0177 0.0240 0.0303 0.0366
0.0167 0.0167 0.0262 0.0356 0.0451 0.0545
0.0332 0.0332 0.0474 0.0617 0.0759 0.0901
0.0490 0.0490 0.0678 0.0872 0.1089 0.1243
0.0704 0.0704 0.0948 0.1200 0.1451 0.1599
0.0910 0.0910 0.1231 0.1515 0.1799 0.1941
0.1161 0.1161 0.1528 0.1831 0.2134 0.2270
0.1401 0.1401 0.1814 0.2134 0.2455 0.2585
0.1727 0.1727 0.2135 0.2449 0.2763 0.2888
0.2039 0.2039 0.2443 0.2751 0.3058 0.3178
0.2363 0.2363 0.2751 0.3046 0.3341 0.3456
0.2673 0.2673 0.3047 0.3330 0.3613 0.3724
0.2972 0.2972 0.3330 0.3602 0.3874 0.3980
0.3259 0.3259 0.3603 0.3863 0.4124 0.4225
0.3534 0.3534 0.3864 0.4114 0.4364 0.4461
0.3798 0.3798 0.4114 0.4354 0.4594 0.4687
0.4051 0.4051 0.4354 0.4584 0.4814 0.4904
0.4294 0.4294 0.4585 0.4805 0.5026 0.5112
0.4527 0.4527 0.4806 0.5017 0.5229 0.5311
0.4750 0.4750 0.5018 0.5221 0.5424 0.5503
0.4965 0.4965 0.5221 0.5416 0.5610 0.5686
0.5170 0.5170 0.5416 0.5603 0.5790 0.5862
0.5367 0.5367 0.5603 0.5782 0.5961 0.6031
0.5556 0.5556 0.5783 0.5954 0.6126 0.6193
0.5738 0.5738 0.5955 0.6119 0.6284 0.6348
0.5912 0.5912 0.6120 0.6278 0.6436 0.6498
0.6078 0.6078 0.6278 0.6430 0.6581 0.6640
0.6238 0.6238 0.6430 0.6575 0.6721 0.6778
0.6392 0.6392 0.6576 0.6715 0.6855 0.6909
0.6539 0.6539 0.6715 0.6849 0.6983 0.7035
0.6680 0.6680 0.6850 0.6978 0.7106 0.7156
0.6816 0.6816 0.6978 0.7101 0.7224 0.7272
0.6946 0.6946 0.7101 0.7219 0.7338 0.7384
0.7070 0.7070 0.7220 0.7333 0.7446 0.7490
0.7190 0.7190 0.7333 0.7442 0.7550 0.7593
0.7305 0.7305 0.7442 0.7546 0.7650 0.7691
0.7415 0.7415 0.7546 0.7646 0.7746 0.7785
0.7520 0.7520 0.7647 0.7742 0.7838 0.7876
0.7621 0.7621 0.7743 0.7835 0.7927 0.7962
0.7718 0.7718 0.7835 0.7923 0.8011 0.8045
0.7812 0.7812 0.7923 0.8008 0.8092 0.8125
0.7901 0.7901 0.8008 0.8089 0.8170 0.8202
0.7987 0.7987 0.8089 0.8167 0.8245 0.8275
0.8069 0.8069 0.8167 0.8242 0.8316 0.8346
0.8148 0.8148 0.8242 0.8314 0.8385 0.8413
0.8223 0.8223 0.8314 0.8382 0.8451 0.8478
0.8296 0.8296 0.8382 0.8448 0.8514 0.8540
0.8365 0.8365 0.8449 0.8512 0.8575 0.8600
0.8432 0.8432 0.8512 0.8572 0.8633 0.8657
0.8496 0.8496 0.8573 0.8631 0.8689 0.8712
0.8557 0.8557 0.8631 0.8687 0.8742 0.8764
0.8616 0.8616 0.8687 0.8740 0.8794 0.8815
0.8673 0.8673 0.8740 0.8792 0.8843 0.8863
0.8727 0.8727 0.8792 0.8841 0.8890 0.8909
0.8779 0.8779 0.8841 0.8888 0.8935 0.8954
0.8829 0.8829 0.8888 0.8934 0.8979 0.8997
0.8876 0.8876 0.8934 0.8977 0.9021 0.9037
0.8922 0.8922 0.8977 0.9019 0.9061 0.9077
0.8966 0.8966 0.9019 0.9059 0.9099 0.9114
0.9008 0.9008 0.9059 0.9097 0.9136 0.9151
0.9049 0.9049 0.9097 0.9134 0.9171 0.9185
0.9088 0.9088 0.9134 0.9169 0.9205 0.9218
0.9125 0.9125 0.9170 0.9203 0.9237 0.9250
0.9161 0.9161 0.9203 0.9236 0.9268 0.9281
0.9195 0.9195 0.9236 0.9267 0.9298 0.9310
0.9228 0.9228 0.9267 0.9297 0.9327 0.9338
0.9259 0.9259 0.9297 0.9326 0.9354 0.9365
0.9290 0.9290 0.9326 0.9353 0.9381 0.9391
0.9319 0.9319 0.9353 0.9380 0.9406 0.9416
0.9346 0.9346 0.9380 0.9405 0.9430 0.9440
0.9373 0.9373 0.9405 0.9429 0.9453 0.9463
0.9399 0.9399 0.9429 0.9452 0.9476 0.9485
0.9423 0.9423 0.9453 0.9475 0.9497 0.9506
0.9447 0.9447 0.9475 0.9496 0.9518 0.9526
0.9469 0.9469 0.9496 0.9517 0.9537 0.9545
0.9491 0.9491 0.9517 0.9537 0.9556 0.9564
0.9512 0.9512 0.9537 0.9555 0.9574 0.9582
0.9532 0.9532 0.9555 0.9574 0.9592 0.9599
0.9551 0.9551 0.9574 0.9591 0.9608 0.9615
0.9569 0.9569 0.9591 0.9608 0.9624 0.9631
0.9587 0.9587 0.9608 0.9624 0.9640 0.9646
0.9604 0.9604 0.9624 0.9639 0.9654 0.9660
0.9620 0.9620 0.9639 0.9654 0.9668 0.9674
0.9635 0.9635 0.9654 0.9668 0.9682 0.9688
0.9650 0.9650 0.9668 0.9681 0.9695 0.9700
0.9664 0.9664 0.9681 0.9694 0.9707 0.9712
0.9678 0.9678 0.9694 0.9707 0.9719 0.9724
0.9691 0.9691 0.9707 0.9719 0.9731 0.9735
0.9704 0.9704 0.9719 0.9730 0.9742 0.9746
0.9716 0.9716 0.9730 0.9741 0.9752 0.9757
0.9728 0.9728 0.9741 0.9752 0.9762 0.9767
0.9739 0.9739 0.9752 0.9762 0.9772 0.9776
0.9749 0.9749 0.9762 0.9772 0.9781 0.9785
0.9760 0.9760 0.9772 0.9781 0.9790 0.9794
0.9769 0.9769 0.9781 0.9790 0.9799 0.9802
0.9779 0.9779 0.9790 0.9799 0.9807 0.9810
0.9788 0.9788 0.9799 0.9807 0.9815 0.9818
0.9796 0.9796 0.9807 0.9815 0.9823 0.9826
0.9805 0.9805 0.9815 0.9822 0.9830 0.9833
0.9813 0.9813 0.9822 0.9830 0.9837 0.9840
0.9820 0.9820 0.9830 0.9836 0.9843 0.9846
0.9828 0.9828 0.9836 0.9843 0.9850 0.9852
0.9835 0.9835 0.9843 0.9850 0.9856 0.9858
0.9841 0.9841 0.9850 0.9856 0.9862 0.9864
0.9848 0.9848 0.9856 0.9862 0.9867 0.9870
0.9854 0.9854 0.9862 0.9867 0.9873 0.9875
0.9860 0.9860 0.9867 0.9873 0.9878 0.9880
0.9866 0.9866 0.9873 0.9878 0.9883 0.9885
0.9871 0.9871 0.9878 0.9883 0.9888 0.9890
0.9877 0.9877 0.9883 0.9888 0.9892 0.9894
0.9882 0.9882 0.9888 0.9892 0.9897 0.9899
0.9886 0.9886 0.9892 0.9897 0.9901 0.9903
0.9891 0.9891 0.9897 0.9901 0.9905 0.9907
0.9895 0.9895 0.9901 0.9905 0.9909 0.9910
0.9900 0.9900 0.9905 0.9909 0.9913 0.9914
0.9905 0.9905 0.9910 0.9914 0.9918 0.9920
0.9909 0.9909 0.9913 0.9917 0.9921 0.9923
0.9916 0.9916 0.9921 0.9926 0.9931 0.9937
0.9919 0.9919 0.9924 0.9929 0.9934 0.9939
0.9928 0.9928 0.9936 0.9944 0.9953 0.9961
0.9931 0.9931 0.9939 0.9947 0.9955 0.9963
0.9952 0.9952 0.9968 0.9981 0.9995 0.9996
0.9954 0.9954 0.9969 0.9982 0.9995 0.9996
0.9967 0.9967 0.9952 0.9957 1.0000 1.0000
0.9968 0.9968 0.9954 0.9959 1.0000 1.0000
0.9978 0.9978 0.9992 0.9999 1.0000 1.0000
0.9979 0.9979 0.9992 0.9999 1.0000 1.0000
0.9995 0.9995 0.9999 1.0000 1.0000 1.0000
0.9996 0.9996 0.9999 1.0000 1.0000 1.0000
1.0000 1.0000 1.0000 1.0000 1.0000 1.0000
1.0000 1.0000 1.0000 1.0000 1.0000 1.0000
1.0000 1.0000 1.0000 1.0000 1.0000 1.0000
1.0000 1.0000 1.0000 1.0000 1.0000 1.0000
1.0000 1.0000 1.0000 1.0000 1.0000 1.0000
1.0000 1.0000 1.0000 1.0000 1.0000 1.0000
1.0000 1.0000 1.0000 1.0000 1.0000 1.0000
1.0000 1.0000 1.0000 1.0000 1.0000 1.0000
1.0000 1.0000 1.0000 1.0000 1.0000 1.0000
1.0000 1.0000 1.0000 1.0000 1.0000 1.0000
1.0000 1.0000 1.0000 1.0000 1.0000 1.0000
1.0000 1.0000 1.0000 1.0000 1.0000 1.0000
1.0000 1.0000 1.0000 1.0000 1.0000 1.0000
1.0000 1.0000 1.0000 1.0000 1.0000 1.0000
1.0000 1.0000 1.0000 1.0000 1.0000 1.0000
