1440
0 0.000000
1 0.004395
2 -0.006832
3 -0.002027
4 0.022853
5 -0.024126
6 0.000601
7 -0.086528
8 0.029795
9 0.002682
10 -0.040545
11 0.032168
12 0.009361
13 -0.017773
14 -0.025137
15 0.023618
16 0.012425
17 0.041246
18 0.022253
19 -0.024785
20 -0.028042
21 0.008775
22 -0.026557
23 -0.042012
24 -0.033530
25 0.022932
26 0.064040
27 -0.002675
28 0.037976
29 -0.033353
30 -0.044732
31 0.023577
32 0.012308
33 0.016885
34 -0.018229
35 -0.049799
36 0.034543
37 -0.028560
38 -0.036231
39 0.020047
40 0.000667
41 0.001115
42 0.045820
43 0.034365
44 0.006991
45 0.027807
46 0.004324
47 -0.011055
48 -0.006917
49 0.025541
50 0.010084
51 0.002410
52 0.050814
53 0.007494
54 -0.008055
55 -0.007966
56 0.015906
57 0.036510
58 0.048998
59 0.029409
60 0.013868
61 0.022094
62 0.010412
63 0.058833
64 0.035482
65 0.067705
66 0.032377
67 0.005049
68 0.017548
69 0.029964
70 0.018417
71 0.038737
72 0.007221
73 0.015686
74 0.039975
75 0.044434
76 0.001021
77 -0.014546
78 0.057412
79 0.057663
80 0.026302
81 0.030353
82 0.078376
83 0.006827
84 -0.005153
85 0.062838
86 0.047068
87 0.023473
88 0.047778
89 0.040420
90 0.004736
91 0.044711
92 0.013060
93 0.029519
94 0.045418
95 0.053871
96 -0.021694
97 0.030073
98 0.045933
99 0.046514
100 0.046913
101 0.047273
102 0.019998
103 0.068110
104 0.028534
105 0.040691
106 -0.003224
107 0.068755
108 0.005363
109 0.045408
110 0.061892
111 0.010275
112 0.046063
113 0.074136
114 0.030633
115 0.010635
116 -0.013734
117 0.037757
118 0.042086
119 0.010241
120 0.046370
121 0.006803
122 0.014997
123 0.067343
124 0.007184
125 -0.008955
126 0.019253
127 0.039164
128 0.083148
129 0.035425
130 0.051833
131 -0.003530
132 0.036434
133 -0.003226
134 0.036326
135 0.028187
136 0.004494
137 0.003916
138 -0.008215
139 0.047600
140 -0.016110
141 0.055894
142 0.048505
143 0.036578
144 0.028403
145 0.068300
146 -0.002887
147 0.048872
148 0.000807
149 0.024756
150 0.004511
151 0.040325
152 0.024591
153 0.016729
154 0.060193
155 0.032447
156 0.028484
157 0.052838
158 0.024954
159 0.033247
160 0.029720
161 0.045832
162 0.041776
163 0.025847
164 0.001636
165 0.053569
166 0.021678
167 0.005661
168 0.049600
169 -0.006041
170 0.050038
171 0.054339
172 0.046372
173 0.038497
174 -0.009705
175 0.050070
176 0.090358
177 0.070722
178 0.015303
179 0.011533
180 0.054872
181 0.022851
182 0.050859
183 0.043060
184 -0.016683
185 0.019234
186 0.043248
187 0.067208
188 0.007257
189 0.027345
190 0.023637
191 0.035689
192 -0.008259
193 0.019507
194 0.007593
195 0.023705
196 -0.016667
197 0.018491
198 0.014413
199 0.070494
200 0.066595
201 0.014380
202 0.026057
203 0.061925
204 0.042110
205 0.005500
206 0.009409
207 0.049043
208 0.085017
209 -0.006672
210 0.013082
211 0.029062
212 0.001170
213 0.041222
214 0.049203
215 0.025393
216 0.009146
217 0.021155
218 0.013144
219 0.052672
220 0.045287
221 0.029167
222 -0.006832
223 0.012869
224 0.049001
225 0.041424
226 0.009864
227 0.029741
228 0.037710
229 0.046343
230 -0.001623
231 0.066329
232 0.047049
233 0.027360
234 0.019081
235 0.018852
236 0.062509
237 0.062725
238 0.050799
239 -0.005238
240 0.034965
241 0.019040
242 0.030911
243 0.030582
244 0.014495
245 0.061996
246 0.010519
247 0.022473
248 0.006890
249 -0.013370
250 0.054135
251 0.026306
252 0.010221
253 0.014281
254 0.070276
255 0.006667
256 0.030397
257 -0.009684
258 0.021857
259 0.037447
260 0.025224
261 0.080895
262 0.045238
263 0.037527
264 -0.026437
265 0.017110
266 -0.019341
267 0.008636
268 0.000750
269 0.012209
270 0.040146
271 0.028124
272 0.060128
273 0.080485
274 0.052348
275 -0.011330
276 0.012062
277 0.032047
278 0.032170
279 0.000454
280 0.000494
281 0.040273
282 0.024559
283 0.056355
284 0.008787
285 0.044698
286 -0.027498
287 0.043946
288 0.032148
289 0.040076
290 0.036448
291 0.024642
292 0.044511
293 0.020875
294 0.040543
295 0.068911
296 0.029681
297 0.001929
298 0.001916
299 -0.014184
300 0.037345
301 0.021517
302 0.037776
303 0.001826
304 0.013808
305 0.009150
306 0.016826
307 0.033164
308 0.009665
309 -0.010415
310 0.001170
311 0.029057
312 0.037033
313 0.069273
314 0.025537
315 0.057767
316 0.006152
317 -0.002030
318 0.029618
319 0.009595
320 0.017248
321 0.049393
322 0.073232
323 0.014037
324 0.029652
325 -0.014364
326 0.004753
327 0.004284
328 0.035568
329 0.051354
330 0.031989
331 0.004415
332 -0.015754
333 0.043840
334 -0.000131
335 0.063779
336 0.020261
337 0.016151
338 0.048346
339 -0.015209
340 0.048934
341 0.033390
342 0.033689
343 0.033863
344 0.021978
345 0.050216
346 0.026254
347 0.054042
348 0.046176
349 0.014222
350 0.022233
351 -0.013560
352 0.006313
353 0.053859
354 0.018210
355 -0.001748
356 0.038088
357 0.050333
358 0.022286
359 0.038284
360 0.006374
361 0.002306
362 0.006228
363 0.017681
364 0.061451
365 0.009741
366 0.029643
367 0.041348
368 0.021368
369 0.001466
370 0.021255
371 0.049018
372 0.033292
373 0.049211
374 0.009598
375 0.041526
376 0.021406
377 0.053374
378 0.029774
379 0.065280
380 0.088994
381 0.037316
382 0.029608
383 -0.022150
384 -0.006301
385 0.085301
386 0.013990
387 0.021904
388 0.086277
389 0.054810
390 0.019214
391 0.043528
392 0.051477
393 0.043860
394 0.004263
395 0.047842
396 0.039496
397 0.024022
398 -0.019867
399 0.059505
400 0.028141
401 0.044197
402 0.044141
403 0.100039
404 0.036632
405 0.040538
406 0.024845
407 0.044577
408 0.036840
409 0.049362
410 0.005147
411 0.032907
412 0.037139
413 0.013124
414 0.044700
415 0.056031
416 0.032298
417 0.016771
418 0.052616
419 0.025071
420 0.033239
421 0.020721
422 0.036656
423 0.044793
424 0.048719
425 0.032617
426 0.020915
427 0.044767
428 -0.003060
429 0.033120
430 0.052937
431 0.045533
432 0.029381
433 0.017534
434 0.041514
435 0.073268
436 0.033138
437 0.021299
438 0.008896
439 0.084654
440 0.033534
441 0.045217
442 0.025644
443 0.029091
444 0.012914
445 0.032606
446 0.024782
447 0.012604
448 0.051629
449 -0.008237
450 0.051878
451 0.039926
452 -0.011841
453 0.019676
454 0.027412
455 0.051434
456 0.039620
457 -0.020168
458 0.031448
459 0.015926
460 0.011625
461 0.043360
462 0.059814
463 0.052206
464 0.056194
465 0.016270
466 0.043866
467 0.040495
468 0.024518
469 0.040653
470 0.056676
471 0.056786
472 0.048753
473 -0.015458
474 0.024099
475 0.015731
476 0.003609
477 0.023053
478 0.046984
479 -0.016679
480 0.055215
481 0.043719
482 0.039618
483 0.027886
484 0.035624
485 0.027626
486 0.031725
487 0.063326
488 -0.004160
489 0.039305
490 0.055535
491 0.015857
492 0.023822
493 0.067951
494 0.067892
495 0.008095
496 0.016037
497 0.031596
498 0.027442
499 0.071152
500 0.031589
501 0.027719
502 0.023847
503 0.015909
504 0.028016
505 0.000075
506 0.031887
507 0.019983
508 0.044068
509 0.027943
510 0.048213
511 0.072324
512 0.020759
513 0.008966
514 0.060679
515 0.029320
516 0.041457
517 0.037575
518 0.041613
519 0.021655
520 0.025923
521 0.065855
522 0.038362
523 0.058469
524 0.030691
525 0.018161
526 0.054100
527 0.002020
528 -0.006600
529 -0.010933
530 0.045034
531 0.017036
532 0.057084
533 0.017585
534 0.041392
535 0.033724
536 -0.001905
537 0.001733
538 0.013438
539 0.049267
540 0.029242
541 -0.006910
542 0.025030
543 0.040966
544 0.028951
545 0.020638
546 -0.015366
547 0.088074
548 0.044506
549 0.076292
550 0.008343
551 0.044248
552 0.080315
553 0.024443
554 0.012368
555 0.048380
556 0.056576
557 0.020643
558 -0.007129
559 0.060626
560 -0.002994
561 -0.015494
562 0.039828
563 0.003717
564 0.027716
565 0.019541
566 0.019286
567 0.007497
568 0.039269
569 0.039293
570 0.043150
571 -0.000570
572 0.050667
573 0.006765
574 0.018687
575 0.006632
576 0.074330
577 0.106880
578 0.035528
579 -0.004592
580 0.011528
581 0.050817
582 -0.013251
583 0.022930
584 0.006862
585 0.030383
586 0.038566
587 0.014276
588 0.009955
589 0.057669
590 0.069399
591 0.033767
592 0.022135
593 0.030103
594 0.022448
595 0.062379
596 0.034728
597 0.027195
598 0.015642
599 0.055915
600 0.036226
601 0.044388
602 0.056537
603 0.020975
604 0.004392
605 0.035730
606 0.035766
607 0.019995
608 0.027769
609 0.059853
610 0.055804
611 0.055565
612 0.072081
613 0.020274
614 0.004089
615 0.051729
616 0.063556
617 0.051857
618 0.012327
619 -0.003564
620 0.044403
621 0.000441
622 0.060409
623 0.012571
624 0.040285
625 0.016109
626 0.047945
627 0.031874
628 0.027609
629 0.055843
630 0.016238
631 0.039775
632 -0.000303
633 0.003548
634 0.075146
635 0.039438
636 -0.000413
637 0.079068
638 0.007178
639 0.047370
640 -0.000489
641 0.035395
642 0.039488
643 0.040090
644 0.040214
645 0.044469
646 0.016530
647 0.032380
648 0.040124
649 0.028442
650 0.048288
651 0.000538
652 0.032739
653 0.016540
654 -0.011948
655 0.023519
656 0.035323
657 0.063424
658 0.003955
659 0.011400
660 0.051159
661 0.015502
662 0.031445
663 0.047015
664 0.022868
665 0.070780
666 0.010914
667 0.102860
668 0.027466
669 0.003585
670 0.027494
671 0.067650
672 0.051978
673 0.035836
674 0.007786
675 -0.008201
676 -0.000726
677 0.039001
678 0.071362
679 0.000053
680 0.020247
681 0.039663
682 0.035851
683 0.028081
684 0.031972
685 0.031779
686 0.015384
687 0.047485
688 0.039607
689 0.023699
690 0.011742
691 -0.004518
692 -0.000393
693 0.031495
694 0.051655
695 0.035816
696 0.024022
697 0.028083
698 0.016263
699 0.024218
700 0.003712
701 0.023602
702 -0.008848
703 -0.005321
704 0.066516
705 0.058641
706 0.038934
707 0.006924
708 -0.001323
709 0.050487
710 0.018461
711 0.058085
712 0.042113
713 0.086750
714 0.023244
715 0.071312
716 0.039930
717 -0.007904
718 0.071499
719 0.059768
720 0.056259
721 0.028787
722 0.041259
723 0.049460
724 0.025319
725 0.021088
726 0.069452
727 0.041468
728 0.045257
729 0.057665
730 0.021503
731 0.053606
732 0.049902
733 0.026137
734 0.046215
735 0.021937
736 0.033969
737 0.045474
738 0.021649
739 0.013375
740 0.005058
741 0.056715
742 -0.007334
743 0.040644
744 0.008929
745 0.048496
746 0.020335
747 0.036484
748 0.048263
749 0.008682
750 0.060483
751 0.044833
752 0.012643
753 0.044803
754 0.061496
755 0.029898
756 0.029938
757 0.013695
758 -0.018522
759 0.040786
760 0.048627
761 0.037132
762 -0.011335
763 0.012604
764 0.048511
765 0.004563
766 0.012545
767 -0.007421
768 0.060203
769 0.032136
770 0.016276
771 0.003751
772 0.011213
773 0.027107
774 0.027209
775 0.023088
776 0.027410
777 -0.028580
778 -0.009382
779 0.002165
780 0.077943
781 0.005754
782 0.041792
783 0.057509
784 0.049547
785 0.005868
786 0.061730
787 0.025849
788 0.077817
789 0.078460
790 0.018778
791 0.059121
792 0.019472
793 0.011310
794 0.034930
795 0.007274
796 0.015070
797 0.042828
798 0.014757
799 0.054095
800 0.054323
801 0.014570
802 0.054905
803 0.039046
804 0.030835
805 0.026886
806 0.014992
807 0.022763
808 0.018275
809 0.018525
810 0.014539
811 -0.009990
812 0.021434
813 0.021337
814 0.064971
815 0.049670
816 0.026098
817 -0.002580
818 0.004830
819 0.060650
820 0.028929
821 0.045555
822 0.013686
823 -0.018387
824 -0.002589
825 -0.014969
826 0.016829
827 -0.014895
828 0.040664
829 0.028952
830 0.004893
831 0.032359
832 0.040596
833 -0.003564
834 0.080481
835 0.016985
836 0.040755
837 0.012681
838 0.028848
839 -0.023364
840 0.028113
841 -0.003396
842 0.044124
843 -0.003975
844 -0.004192
845 0.007603
846 -0.020567
847 -0.000609
848 0.055322
849 0.031961
850 0.008157
851 0.024027
852 0.036269
853 0.068639
854 0.033012
855 0.032405
856 0.040465
857 0.056892
858 0.045233
859 0.041630
860 0.066245
861 0.058753
862 0.043576
863 0.023667
864 0.075790
865 0.028028
866 0.023722
867 0.039881
868 0.079440
869 0.024084
870 0.039954
871 0.063828
872 0.028418
873 0.044777
874 0.029092
875 0.081383
876 0.038073
877 0.042257
878 0.002414
879 0.030288
880 0.058108
881 -0.009424
882 0.030122
883 0.010043
884 0.041786
885 0.017931
886 0.022014
887 0.010045
888 0.033604
889 0.013956
890 0.021068
891 0.041226
892 0.045209
893 0.064958
894 0.036849
895 0.028847
896 0.044801
897 0.044938
898 0.016958
899 0.040775
900 0.056848
901 0.033424
902 0.017625
903 0.069238
904 0.041464
905 0.033114
906 0.052756
907 0.017194
908 0.049259
909 0.045420
910 0.005790
911 0.034085
912 0.022621
913 0.046243
914 0.026197
915 0.009761
916 0.061282
917 0.081985
918 0.014149
919 0.006052
920 -0.002604
921 0.008595
922 0.008473
923 0.016225
924 0.083594
925 0.031889
926 0.019941
927 0.055762
928 0.019926
929 0.059959
930 0.088008
931 0.028302
932 0.052625
933 0.068698
934 0.017145
935 0.089201
936 0.013685
937 0.033226
938 0.029207
939 -0.034647
940 0.024933
941 0.020898
942 0.088990
943 0.061235
944 0.032979
945 0.024882
946 0.044464
947 0.048951
948 0.000907
949 -0.003668
950 0.044120
951 0.028397
952 -0.015807
953 0.032018
954 0.039943
955 -0.004145
956 0.047787
957 0.035994
958 0.076154
959 0.028236
960 0.036168
961 0.020386
962 0.056247
963 0.008376
964 0.028085
965 0.004007
966 0.031913
967 0.055752
968 0.043617
969 0.036078
970 0.024122
971 0.024011
972 0.036028
973 0.020414
974 -0.003573
975 0.012247
976 0.047399
977 0.007543
978 0.011681
979 0.007298
980 0.043339
981 0.035097
982 0.047375
983 0.067325
984 0.067234
985 0.047661
986 0.003913
987 -0.008495
988 -0.000739
989 0.019270
990 0.026913
991 0.034919
992 0.070626
993 0.019253
994 0.098912
995 0.007076
996 0.035253
997 0.011252
998 0.023102
999 -0.004807
1000 0.015090
1001 0.026792
1002 0.018310
1003 0.030354
1004 0.038493
1005 0.078715
1006 0.034612
1007 0.042852
1008 0.031075
1009 0.030944
1010 0.019163
1011 0.011070
1012 0.030764
1013 -0.016949
1014 0.046255
1015 0.071007
1016 0.031511
1017 0.015534
1018 0.087374
1019 0.019589
1020 0.051815
1021 0.056308
1022 0.060572
1023 0.084737
1024 0.017114
1025 0.033000
1026 -0.003118
1027 -0.007414
1028 0.036281
1029 0.028175
1030 -0.011554
1031 0.027845
1032 0.087731
1033 0.004007
1034 0.027681
1035 0.103659
1036 0.027895
1037 0.055667
1038 0.056061
1039 0.088647
1040 0.013408
1041 0.065325
1042 0.001161
1043 0.041455
1044 0.041782
1045 0.037528
1046 0.045607
1047 0.017611
1048 -0.006306
1049 0.025461
1050 0.033821
1051 0.017514
1052 0.029411
1053 0.041586
1054 0.009754
1055 0.037385
1056 -0.010763
1057 0.028811
1058 0.040966
1059 0.040736
1060 0.024955
1061 0.020776
1062 0.024339
1063 0.003787
1064 0.059297
1065 -0.000111
1066 0.047504
1067 -0.004224
1068 0.039773
1069 0.079741
1070 0.059823
1071 0.023674
1072 -0.004291
1073 0.042877
1074 0.023174
1075 0.103216
1076 0.104084
1077 0.020203
1078 0.024432
1079 0.048256
1080 0.000176
1081 0.052136
1082 0.035925
1083 0.064076
1084 0.064323
1085 0.008676
1086 0.040864
1087 0.049196
1088 0.045046
1089 0.065319
1090 0.013582
1091 0.017413
1092 0.045433
1093 0.038126
1094 0.062397
1095 0.022817
1096 0.018790
1097 0.042307
1098 0.094744
1099 0.019067
1100 0.035003
1101 0.018933
1102 0.038313
1103 0.034147
1104 0.057691
1105 0.022042
1106 0.058110
1107 0.042104
1108 0.037896
1109 0.034092
1110 0.022174
1111 0.030356
1112 0.042193
1113 0.062213
1114 0.058771
1115 0.083037
1116 0.031097
1117 0.010748
1118 0.022761
1119 0.034683
1120 0.038883
1121 0.023003
1122 0.042463
1123 0.042283
1124 0.022687
1125 0.050783
1126 0.043126
1127 0.051086
1128 0.011209
1129 0.047118
1130 0.038596
1131 0.026669
1132 0.062516
1133 0.011508
1134 0.043083
1135 0.071234
1136 0.043479
1137 0.047678
1138 0.035997
1139 0.087895
1140 0.027869
1141 0.047461
1142 0.035143
1143 0.011178
1144 0.083151
1145 0.064036
1146 0.040060
1147 0.032150
1148 0.047437
1149 0.015053
1150 -0.001528
1151 0.029776
1152 0.021516
1153 0.041466
1154 0.013639
1155 0.053313
1156 0.037680
1157 0.053517
1158 0.081100
1159 0.017442
1160 0.005542
1161 0.029366
1162 0.013041
1163 0.041093
1164 0.025435
1165 0.021177
1166 0.016877
1167 0.024439
1168 0.012330
1169 0.060208
1170 0.095983
1171 0.048653
1172 0.073170
1173 0.057805
1174 0.045886
1175 0.033828
1176 0.041955
1177 0.049907
1178 0.030126
1179 0.013945
1180 0.061447
1181 0.013636
1182 0.053777
1183 0.049584
1184 0.061769
1185 0.026158
1186 0.001944
1187 0.037745
1188 0.009439
1189 0.033286
1190 0.005560
1191 0.081338
1192 -0.001913
1193 0.061898
1194 0.057606
1195 0.010269
1196 0.057971
1197 0.042181
1198 0.062300
1199 0.030509
1200 0.054514
1201 0.018611
1202 -0.001465
1203 0.010049
1204 -0.002179
1205 0.057671
1206 0.029955
1207 0.042222
1208 0.053910
1209 0.026545
1210 0.054535
1211 0.026781
1212 -0.013337
1213 0.046342
1214 0.018243
1215 0.021845
1216 0.049475
1217 0.037236
1218 0.024933
1219 0.037069
1220 0.017492
1221 0.037076
1222 0.029113
1223 0.005252
1224 0.100955
1225 0.013285
1226 -0.006767
1227 0.013196
1228 0.044879
1229 0.024941
1230 0.077110
1231 0.029163
1232 -0.002810
1233 0.040622
1234 0.005057
1235 0.032981
1236 0.033164
1237 -0.002718
1238 0.057141
1239 0.029007
1240 0.044636
1241 0.047965
1242 0.031789
1243 0.056008
1244 0.056182
1245 0.060377
1246 0.036189
1247 -0.011789
1248 0.056119
1249 0.048006
1250 0.044229
1251 0.011954
1252 0.051970
1253 0.036301
1254 0.008684
1255 0.020958
1256 0.017001
1257 0.036619
1258 0.036202
1259 -0.027656
1260 -0.000163
1261 0.043450
1262 0.107681
1263 0.064274
1264 0.024672
1265 -0.003278
1266 0.000371
1267 0.028101
1268 0.040181
1269 0.055971
1270 -0.003751
1271 0.028049
1272 0.012243
1273 0.047652
1274 0.059270
1275 0.043279
1276 0.047502
1277 0.019714
1278 0.019661
1279 0.063729
1280 0.040040
1281 0.059983
1282 0.044084
1283 -0.000196
1284 0.031623
1285 0.019738
1286 0.015673
1287 0.035737
1288 0.063759
1289 0.039732
1290 0.051361
1291 -0.000543
1292 0.018802
1293 0.059263
1294 0.087330
1295 0.035754
1296 0.075919
1297 0.012001
1298 -0.003771
1299 0.011940
1300 0.048280
1301 -0.003302
1302 -0.015698
1303 0.024061
1304 -0.028189
1305 0.055707
1306 0.011404
1307 0.046823
1308 0.010752
1309 0.058016
1310 0.017798
1311 0.017570
1312 0.013330
1313 0.013251
1314 0.009053
1315 0.040859
1316 0.044921
1317 0.033167
1318 0.021203
1319 0.048754
1320 0.028964
1321 0.044817
1322 0.081460
1323 0.025699
1324 0.013661
1325 -0.002520
1326 0.013685
1327 0.017561
1328 0.029310
1329 0.041397
1330 0.065360
1331 -0.006453
1332 0.017451
1333 0.041006
1334 -0.019037
1335 0.044496
1336 0.024848
1337 0.036717
1338 0.020690
1339 0.037149
1340 0.053524
1341 0.073566
1342 -0.010136
1343 0.045274
1344 -0.014680
1345 0.065211
1346 0.061719
1347 0.009843
1348 0.073622
1349 0.006100
1350 0.046095
1351 0.070298
1352 0.046579
1353 0.002492
1354 0.038575
1355 0.022451
1356 0.046736
1357 0.011102
1358 0.094884
1359 0.011737
1360 0.019648
1361 0.043841
1362 0.031926
1363 0.023824
1364 0.023811
1365 0.060041
1366 0.012566
1367 0.000634
1368 0.008224
1369 0.007664
1370 0.047436
1371 0.027573
1372 0.067873
1373 0.035761
1374 0.067762
1375 0.019975
1376 0.024013
1377 0.083854
1378 0.036457
1379 0.032606
1380 0.024299
1381 0.044740
1382 0.032728
1383 0.024375
1384 0.036441
1385 0.040334
1386 0.016208
1387 0.020031
1388 0.043718
1389 -0.019886
1390 0.091719
1391 0.028341
1392 0.040212
1393 0.056181
1394 0.020466
1395 -0.003913
1396 0.019345
1397 0.038875
1398 0.042626
1399 0.006628
1400 0.018211
1401 0.014028
1402 0.053748
1403 0.033951
1404 0.061826
1405 0.017691
1406 0.033032
1407 0.093050
1408 0.041367
1409 0.005440
1410 0.053363
1411 0.049644
1412 0.013679
1413 0.057233
1414 0.053144
1415 0.017597
1416 0.040988
1417 0.057213
1418 0.117450
1419 0.050213
1420 0.014288
1421 0.066332
1422 0.010745
1423 0.026368
1424 0.106186
1425 0.058621
1426 0.062840
1427 0.063179
1428 0.027808
1429 0.056005
1430 -0.019631
1431 0.024192
1432 0.076390
1433 0.045050
1434 -0.022749
1435 0.033077
1436 0.081800
1437 0.074766
1438 0.131756
1439 0.080569
1440 0.077305
