1440
0 0.000000
1 0.285921
2 -0.496368
3 -0.179073
4 0.004414
5 0.018533
6 -0.189339
7 -0.128554
8 0.260304
9 0.257501
10 0.229328
11 0.048991
12 0.032329
13 0.563397
14 0.056569
15 -0.328810
16 -0.036706
17 0.118070
18 0.011458
19 0.198362
20 -0.191630
21 0.187783
22 0.054682
23 -0.129177
24 0.054502
25 -0.051370
26 0.073158
27 -0.088705
28 0.061811
29 0.345840
30 0.000822
31 0.036492
32 0.112854
33 0.160811
34 -0.233556
35 -0.148268
36 -0.076900
37 0.074552
38 0.011931
39 0.006378
40 0.172727
41 0.145588
42 0.075153
43 0.220353
44 0.195302
45 0.058670
46 0.076327
47 0.051780
48 0.184477
49 0.095004
50 0.118735
51 0.031453
52 0.078860
53 0.124784
54 0.062735
55 -0.039094
56 0.091805
57 0.204094
58 0.011134
59 0.089869
60 0.137032
61 0.243762
62 0.083604
63 0.108941
64 0.088622
65 0.132521
66 0.039963
67 0.057295
68 0.042671
69 0.187110
70 0.036482
71 0.049527
72 0.117949
73 0.014769
74 0.243102
75 0.250988
76 0.047714
77 0.154739
78 0.117784
79 0.612977
80 0.083503
81 0.046283
82 0.245141
83 0.267295
84 0.267961
85 0.052622
86 0.177711
87 0.061410
88 0.235234
89 0.173763
90 0.357845
91 0.203543
92 0.161162
93 0.087931
94 0.079504
95 0.077076
96 0.094175
97 0.149080
98 0.169235
99 0.154939
100 0.340859
101 0.333314
102 0.188130
103 0.059946
104 0.129666
105 0.166114
106 0.033335
107 0.074765
108 0.099611
109 0.140133
110 0.039078
111 0.289036
112 0.081853
113 0.136703
114 0.096121
115 0.265008
116 0.007544
117 0.026935
118 0.101720
119 0.348295
120 0.378167
121 0.054346
122 0.051848
123 0.033175
124 0.229306
125 0.057029
126 0.014269
127 0.095144
128 0.096969
129 0.211252
130 0.190304
131 0.114692
132 0.204214
133 0.037850
134 0.136573
135 0.073537
136 0.067022
137 0.120577
138 0.282626
139 0.230099
140 0.077910
141 0.239777
142 0.254840
143 0.122021
144 0.052590
145 0.048232
146 0.161218
147 0.221537
148 0.073997
149 0.264538
150 0.086215
151 0.084692
152 0.115131
153 0.132048
154 0.049794
155 0.066003
156 0.284783
157 0.173511
158 0.228001
159 0.197737
160 0.042304
161 0.071686
162 0.086239
163 0.139833
164 0.076547
165 0.156053
166 0.074694
167 0.273516
168 0.041691
169 0.142311
170 0.177510
171 0.214035
172 0.168380
173 0.062868
174 0.140870
175 0.035218
176 0.043867
177 0.150062
178 0.201145
179 0.086844
180 0.076318
181 0.354273
182 0.359603
183 0.154414
184 0.052375
185 0.070125
186 0.184558
187 0.040720
188 0.195166
189 0.103814
190 0.150682
191 0.088756
192 0.076428
193 0.084028
194 0.225158
195 0.294736
196 0.199464
197 0.086112
198 0.070647
199 0.135308
200 0.055639
201 0.053517
202 0.212668
203 0.338921
204 0.017926
205 0.031886
206 0.064437
207 0.078534
208 0.087986
209 0.037892
210 0.255088
211 0.054398
212 0.016417
213 0.085798
214 0.112042
215 0.056767
216 0.286291
217 0.141705
218 0.072406
219 0.130463
220 0.152691
221 0.086747
222 0.186169
223 0.253088
224 0.076263
225 0.037447
226 0.049857
227 0.041741
228 0.408527
229 0.147513
230 0.059762
231 0.064867
232 0.230987
233 0.046781
234 0.414767
235 0.151684
236 0.069820
237 0.268322
238 0.039988
239 0.163915
240 0.133477
241 0.045270
242 0.166202
243 0.255278
244 0.070790
245 0.310864
246 0.295498
247 0.045302
248 0.105462
249 0.229848
250 0.147891
251 0.127223
252 0.072162
253 0.026272
254 0.339111
255 0.091913
256 0.047290
257 0.133335
258 0.359282
259 0.047923
260 0.053298
261 0.142252
262 0.001842
263 0.352794
264 0.039668
265 0.259659
266 0.273312
267 0.260010
268 0.097382
269 0.033092
270 0.027636
271 0.256179
272 0.056087
273 0.083208
274 0.113696
275 0.082063
276 0.104624
277 0.032691
278 0.254358
279 0.054343
280 0.174915
281 0.081558
282 0.025071
283 0.067139
284 0.258887
285 0.083586
286 0.117566
287 0.105289
288 0.048282
289 0.318413
290 0.031409
291 0.161771
292 0.069432
293 0.157184
294 0.108004
295 0.174024
296 0.107803
297 0.149957
298 0.069696
299 0.074509
300 0.034747
301 0.085406
302 0.066767
303 0.136883
304 0.225266
305 0.135927
306 0.196868
307 0.041400
308 0.023949
309 0.017029
310 0.156798
311 0.403036
312 0.057218
313 0.298951
314 0.172506
315 0.186888
316 0.114902
317 0.034474
318 0.078938
319 0.104696
320 0.111352
321 0.048440
322 0.142837
323 0.133527
324 0.085811
325 0.136040
326 0.349049
327 0.083963
328 0.062914
329 0.053401
330 0.060807
331 0.067907
332 0.134972
333 0.228607
334 0.102858
335 0.081166
336 0.097929
337 0.012463
338 0.315623
339 0.039844
340 0.099086
341 0.046301
342 0.174786
343 0.094579
344 0.107962
345 0.149284
346 0.185535
347 0.051419
348 0.177939
349 0.037269
350 0.088084
351 0.098048
352 0.222451
353 0.265068
354 0.047227
355 0.067748
356 0.051176
357 0.103739
358 0.129326
359 0.089819
360 0.036434
361 0.224772
362 0.272125
363 0.071283
364 0.306753
365 0.172847
366 0.378355
367 0.121814
368 0.171512
369 0.213933
370 0.070040
371 0.041912
372 0.048960
373 0.109910
374 0.220911
375 0.177578
376 0.079105
377 0.243136
378 0.076850
379 0.154474
380 0.060646
381 0.112869
382 0.299039
383 0.231644
384 0.106985
385 0.213565
386 0.162935
387 0.102562
388 0.074028
389 0.069061
390 0.087889
391 0.180999
392 0.139703
393 0.061134
394 0.036055
395 0.095575
396 0.095915
397 0.237245
398 0.155336
399 0.014052
400 0.172716
401 0.095431
402 0.133918
403 0.079188
404 0.074002
405 0.159860
406 0.084978
407 0.072972
408 0.086678
409 0.158871
410 0.106483
411 0.045600
412 0.086347
413 0.047980
414 0.168688
415 0.096945
416 0.164357
417 0.140197
418 0.101891
419 0.090391
420 0.037195
421 0.248088
422 0.362972
423 0.111150
424 0.091268
425 0.292745
426 0.269435
427 0.144045
428 0.105090
429 0.167241
430 0.229976
431 0.048203
432 0.113658
433 0.059025
434 0.172656
435 0.073321
436 0.334680
437 0.084588
438 0.176333
439 0.127333
440 0.057486
441 0.255349
442 0.250017
443 0.128905
444 0.207653
445 0.245526
446 0.076261
447 0.079129
448 0.253058
449 0.167239
450 0.073782
451 0.087288
452 0.218321
453 0.239357
454 0.227970
455 0.169022
456 0.111063
457 0.354269
458 0.163980
459 0.200817
460 0.295116
461 0.067610
462 0.052960
463 0.110312
464 0.054430
465 0.185245
466 0.054452
467 0.253259
468 0.080871
469 0.116436
470 0.259103
471 0.467028
472 0.123808
473 0.039891
474 0.082636
475 0.049333
476 0.187277
477 0.080072
478 0.191378
479 0.213827
480 0.168570
481 0.221503
482 0.198428
483 0.064518
484 0.068910
485 0.224843
486 0.098198
487 0.289361
488 0.047876
489 0.263100
490 0.330227
491 0.160127
492 0.115592
493 0.194187
494 0.042809
495 0.096739
496 0.240658
497 0.064173
498 0.148025
499 0.223008
500 0.349454
501 0.039286
502 0.105098
503 0.314542
504 0.104085
505 0.039780
506 0.296256
507 0.151946
508 0.238503
509 0.120536
510 0.194186
511 0.099328
512 0.330270
513 0.059005
514 0.135714
515 0.069063
516 0.073866
517 0.445050
518 0.330832
519 0.077679
520 0.057067
521 0.362532
522 0.256451
523 0.219773
524 0.192053
525 0.285664
526 0.155326
527 0.087999
528 0.131754
529 0.355419
530 0.045148
531 0.238270
532 0.081470
533 0.096068
534 0.312958
535 0.183921
536 0.225954
537 0.078993
538 0.100277
539 0.015881
540 0.151862
541 0.259028
542 0.420878
543 0.343021
544 0.062606
545 0.107533
546 0.048271
547 0.165823
548 0.160975
549 0.159578
550 0.287382
551 0.165043
552 0.126865
553 0.137995
554 0.285834
555 0.153773
556 0.224598
557 0.297788
558 0.084795
559 0.126465
560 0.119726
561 0.255655
562 0.274306
563 0.062047
564 0.118463
565 0.192852
566 0.178159
567 0.094230
568 0.140577
569 0.226474
570 0.071110
571 0.127442
572 0.122742
573 0.160452
574 0.289967
575 0.195682
576 0.149086
577 0.306875
578 0.054461
579 0.099122
580 0.164386
581 0.237966
582 0.105229
583 0.120374
584 0.131223
585 0.175381
586 0.218963
587 0.201492
588 0.183478
589 0.160067
590 0.089003
591 0.045704
592 0.067108
593 0.078164
594 0.232996
595 0.105061
596 0.201930
597 0.211701
598 0.251598
599 0.105643
600 0.069155
601 0.215900
602 0.281031
603 0.189848
604 0.189974
605 0.051243
606 0.059599
607 0.179003
608 0.122567
609 0.219469
610 0.051436
611 0.195045
612 0.107068
613 0.039421
614 0.132809
615 0.180810
616 0.034806
617 0.217839
618 0.053775
619 0.322596
620 0.283571
621 0.076232
622 0.175129
623 0.227443
624 0.119617
625 0.124092
626 0.154730
627 0.194604
628 0.089445
629 0.140370
630 0.150109
631 0.318242
632 0.102169
633 0.353268
634 0.075942
635 0.185274
636 0.156193
637 0.219877
638 0.182081
639 0.338043
640 0.088072
641 0.300334
642 0.172181
643 0.183075
644 0.206398
645 0.161283
646 0.192497
647 0.248304
648 0.316907
649 0.143350
650 0.098270
651 0.097299
652 0.217311
653 0.090599
654 0.210841
655 0.156117
656 0.271942
657 0.094075
658 0.293454
659 0.145125
660 0.356248
661 0.289703
662 0.243250
663 0.201786
664 0.221617
665 0.549826
666 0.168320
667 0.070272
668 0.192666
669 0.203377
670 0.115148
671 0.151919
672 0.095295
673 0.140128
674 0.103203
675 0.181198
676 0.116521
677 0.183313
678 0.083260
679 0.283626
680 0.094322
681 0.098302
682 0.275821
683 0.014925
684 0.092781
685 0.411281
686 0.099772
687 0.069059
688 0.100525
689 0.098651
690 0.266594
691 0.179685
692 0.160367
693 0.135389
694 0.119969
695 0.078426
696 0.163554
697 0.116356
698 0.136884
699 0.047460
700 0.139327
701 0.165451
702 0.181108
703 0.105070
704 0.309714
705 0.293954
706 0.106699
707 0.055234
708 0.185256
709 0.103485
710 0.340595
711 0.126670
712 0.194193
713 0.045421
714 0.065221
715 0.082600
716 0.042605
717 0.240425
718 0.195496
719 0.277652
720 0.135014
721 0.189423
722 0.127489
723 0.124098
724 0.284394
725 0.167119
726 0.054895
727 0.204377
728 0.069151
729 0.213045
730 0.229308
731 0.306285
732 0.177841
733 0.347649
734 0.120506
735 0.046452
736 0.226213
737 0.163888
738 0.237101
739 0.338983
740 0.091045
741 0.053574
742 0.113499
743 0.053966
744 0.075341
745 0.049778
746 0.068148
747 0.146467
748 0.352176
749 0.073809
750 0.044736
751 0.118185
752 0.097612
753 0.043971
754 0.231530
755 0.431741
756 0.110260
757 0.043904
758 0.064958
759 0.040342
760 0.087681
761 0.053196
762 0.055358
763 0.090951
764 0.305606
765 0.150645
766 0.113305
767 0.368168
768 0.086806
769 0.229558
770 0.095017
771 0.126442
772 0.180286
773 0.075095
774 0.354828
775 0.064161
776 0.364821
777 0.127023
778 0.060019
779 0.176848
780 0.338860
781 0.298035
782 0.257003
783 0.373479
784 0.134388
785 0.089360
786 0.104827
787 0.094769
788 0.069250
789 0.229706
790 0.249052
791 0.213230
792 0.353438
793 0.059722
794 0.142165
795 0.106269
796 0.203357
797 0.194923
798 0.420410
799 0.124982
800 0.197160
801 0.085325
802 0.179036
803 0.046227
804 0.062700
805 0.161642
806 0.164556
807 0.239478
808 0.135616
809 0.191316
810 0.029803
811 0.115570
812 0.114758
813 0.050449
814 0.229335
815 0.140511
816 0.116255
817 0.324652
818 0.277824
819 0.024109
820 0.135386
821 0.278608
822 0.220569
823 0.306895
824 0.227754
825 0.057079
826 0.045104
827 0.138244
828 0.053992
829 0.082857
830 0.160508
831 0.200976
832 0.070835
833 0.118503
834 0.280068
835 0.164366
836 0.173925
837 0.304416
838 0.301986
839 0.054291
840 0.120077
841 0.246863
842 0.017089
843 0.097689
844 0.190813
845 0.126158
846 0.069718
847 0.187627
848 0.169306
849 0.067497
850 0.372347
851 0.164234
852 0.082202
853 0.054437
854 0.047042
855 0.082802
856 0.066446
857 0.036233
858 0.056380
859 0.061920
860 0.028527
861 0.057681
862 0.203360
863 0.115127
864 0.268872
865 0.110666
866 0.266248
867 0.094629
868 0.191994
869 0.065376
870 0.074028
871 0.044500
872 0.073974
873 0.177286
874 0.155351
875 0.249155
876 0.048843
877 0.025979
878 0.054042
879 0.044055
880 0.182329
881 0.063258
882 0.055590
883 0.078367
884 0.044121
885 0.069928
886 0.149201
887 0.037589
888 0.118295
889 0.074637
890 0.064918
891 0.104146
892 0.204845
893 0.048042
894 0.385559
895 0.080399
896 0.188729
897 0.116983
898 0.047291
899 0.022847
900 0.133434
901 0.048149
902 0.141130
903 0.190924
904 0.184444
905 0.090854
906 0.175822
907 0.066464
908 0.105546
909 0.189502
910 0.214751
911 0.118565
912 0.111361
913 0.049072
914 0.029067
915 0.183101
916 0.421902
917 0.025682
918 0.208762
919 0.028835
920 0.147426
921 0.207563
922 0.391480
923 0.143228
924 0.041228
925 0.081299
926 0.090196
927 0.033941
928 0.131821
929 0.076944
930 0.392809
931 0.371799
932 0.078193
933 0.141362
934 0.061332
935 0.181726
936 0.187594
937 0.066813
938 0.086098
939 0.287401
940 0.406111
941 0.063483
942 0.132838
943 0.245932
944 0.025921
945 0.111508
946 0.115218
947 0.103393
948 0.037108
949 0.259488
950 0.033981
951 0.106391
952 0.056083
953 0.259271
954 0.057981
955 0.076452
956 0.047951
957 0.243437
958 0.052539
959 0.158659
960 0.196198
961 0.202076
962 0.113945
963 0.079745
964 0.402393
965 0.245832
966 0.041143
967 0.212278
968 0.139396
969 0.067216
970 0.198064
971 0.140615
972 0.089446
973 0.083299
974 0.234703
975 0.290817
976 0.058943
977 0.149798
978 0.200602
979 0.096184
980 0.180129
981 0.061058
982 0.099840
983 0.267191
984 0.094905
985 0.100129
986 0.223875
987 0.172402
988 0.145475
989 0.087510
990 0.132558
991 0.044489
992 0.213610
993 0.094800
994 0.186832
995 0.219369
996 0.140030
997 0.199664
998 0.268894
999 0.147047
1000 0.087158
1001 0.069402
1002 0.098332
1003 0.066224
1004 0.085938
1005 0.265617
1006 0.160337
1007 0.348402
1008 0.064073
1009 0.092352
1010 0.331155
1011 0.154335
1012 0.056173
1013 0.131059
1014 0.105252
1015 0.173116
1016 0.138349
1017 0.067572
1018 0.043311
1019 0.111873
1020 0.079039
1021 0.534007
1022 0.153496
1023 0.269916
1024 0.308390
1025 0.147018
1026 0.091040
1027 0.080975
1028 0.049195
1029 0.088120
1030 0.270523
1031 0.054848
1032 0.235509
1033 0.156983
1034 0.109920
1035 0.374394
1036 0.047709
1037 0.096215
1038 0.062456
1039 0.049057
1040 0.083503
1041 0.179274
1042 0.078867
1043 0.238126
1044 0.044128
1045 0.122190
1046 0.252600
1047 0.077447
1048 0.146975
1049 0.058958
1050 0.071666
1051 0.173488
1052 0.058114
1053 0.350327
1054 0.109946
1055 0.182026
1056 0.180973
1057 0.138003
1058 0.079938
1059 0.099869
1060 0.027455
1061 0.406929
1062 0.354462
1063 0.063473
1064 0.184457
1065 0.042306
1066 0.159940
1067 0.090064
1068 0.043588
1069 0.153860
1070 0.040547
1071 0.273766
1072 0.072499
1073 0.017092
1074 0.030848
1075 0.131953
1076 0.112644
1077 0.070771
1078 0.392350
1079 0.039816
1080 0.170006
1081 0.096284
1082 0.072029
1083 0.090147
1084 0.261642
1085 0.102586
1086 0.164355
1087 0.103419
1088 0.048851
1089 0.039917
1090 0.099215
1091 0.144781
1092 0.155042
1093 0.091510
1094 0.082858
1095 0.112775
1096 0.112304
1097 0.211074
1098 0.295763
1099 0.099507
1100 0.077243
1101 0.182262
1102 0.245311
1103 0.089593
1104 0.105932
1105 0.094902
1106 0.041838
1107 0.301471
1108 0.327799
1109 0.201827
1110 0.040938
1111 0.078488
1112 0.171020
1113 0.100007
1114 0.058190
1115 0.224198
1116 0.101110
1117 0.087083
1118 0.284511
1119 0.038048
1120 0.107542
1121 0.058972
1122 0.056877
1123 0.131188
1124 0.113740
1125 0.057931
1126 0.065839
1127 0.376244
1128 0.063461
1129 0.053977
1130 0.076156
1131 0.192516
1132 0.167008
1133 0.106809
1134 0.174555
1135 0.062603
1136 0.188992
1137 0.051366
1138 0.088994
1139 0.029113
1140 0.062145
1141 0.082672
1142 0.183338
1143 0.051378
1144 0.113297
1145 0.041322
1146 0.114438
1147 0.023722
1148 0.454531
1149 0.073288
1150 0.082375
1151 0.308487
1152 0.050509
1153 0.034643
1154 0.079514
1155 0.081813
1156 0.281773
1157 0.168730
1158 0.166096
1159 0.327327
1160 0.108370
1161 0.052823
1162 0.247282
1163 0.098198
1164 0.119517
1165 0.198369
1166 0.105309
1167 0.085475
1168 0.120666
1169 0.043175
1170 0.126589
1171 0.210587
1172 0.065441
1173 0.239922
1174 0.062430
1175 0.224712
1176 0.192380
1177 0.204688
1178 0.065548
1179 0.331950
1180 0.092979
1181 0.128671
1182 0.292939
1183 0.093986
1184 0.172911
1185 0.043464
1186 0.174769
1187 0.112034
1188 0.084835
1189 0.111700
1190 0.427625
1191 0.216915
1192 0.347456
1193 0.111277
1194 0.071505
1195 0.380290
1196 0.125283
1197 0.026523
1198 0.352957
1199 0.093979
1200 0.058738
1201 0.115456
1202 0.286839
1203 0.111335
1204 0.072741
1205 0.089359
1206 0.125873
1207 0.093673
1208 0.245028
1209 0.062159
1210 0.323659
1211 0.250757
1212 0.320221
1213 0.149143
1214 0.178849
1215 0.097512
1216 0.138682
1217 0.267668
1218 0.317703
1219 0.533237
1220 0.131502
1221 0.290341
1222 0.018687
1223 0.191031
1224 0.455645
1225 0.079304
1226 0.108394
1227 0.065124
1228 0.135120
1229 0.310833
1230 0.251300
1231 0.169019
1232 0.274307
1233 0.159046
1234 0.135010
1235 0.347403
1236 0.250170
1237 0.121806
1238 0.335273
1239 0.092796
1240 0.141595
1241 0.310061
1242 0.094786
1243 0.271098
1244 0.137821
1245 0.074583
1246 0.079680
1247 0.241856
1248 0.132130
1249 0.076884
1250 0.030672
1251 0.077357
1252 0.166022
1253 0.330254
1254 0.293659
1255 0.098096
1256 0.155365
1257 0.156576
1258 0.175950
1259 0.031261
1260 0.019508
1261 0.104334
1262 0.364432
1263 0.096017
1264 0.076103
1265 0.229757
1266 0.083418
1267 0.382361
1268 0.075709
1269 0.265738
1270 0.150778
1271 0.111835
1272 0.237704
1273 0.274411
1274 0.051793
1275 0.115384
1276 0.258070
1277 0.104809
1278 0.049959
1279 0.086571
1280 0.079856
1281 0.165646
1282 0.235491
1283 0.095672
1284 0.257891
1285 0.067214
1286 0.195625
1287 0.134059
1288 0.139011
1289 0.347217
1290 0.150143
1291 0.272955
1292 0.201484
1293 0.067859
1294 0.118582
1295 0.114543
1296 0.032040
1297 0.118074
1298 0.121938
1299 0.231155
1300 0.192719
1301 0.185442
1302 0.150686
1303 0.065194
1304 0.347796
1305 0.116067
1306 0.081559
1307 0.303960
1308 0.083160
1309 0.105648
1310 0.048642
1311 0.250711
1312 0.143978
1313 0.116168
1314 0.196430
1315 0.230318
1316 0.147105
1317 0.315926
1318 0.087983
1319 0.148729
1320 0.051164
1321 0.151930
1322 0.102820
1323 0.298903
1324 0.097751
1325 0.081868
1326 0.080560
1327 0.089347
1328 0.135465
1329 0.466709
1330 0.092950
1331 0.217584
1332 0.209301
1333 0.334873
1334 0.094543
1335 0.246682
1336 0.264433
1337 0.052553
1338 0.082604
1339 0.193356
1340 0.124569
1341 0.088479
1342 0.065118
1343 0.279920
1344 0.361342
1345 0.070455
1346 0.379353
1347 0.061291
1348 0.086411
1349 0.058416
1350 0.104421
1351 0.228195
1352 0.234619
1353 0.036542
1354 0.179526
1355 0.289255
1356 0.118971
1357 0.081629
1358 0.158278
1359 0.172746
1360 0.435062
1361 0.124019
1362 0.175736
1363 0.167019
1364 0.161814
1365 0.107929
1366 0.067550
1367 0.260484
1368 0.201283
1369 0.028844
1370 0.187898
1371 0.017721
1372 0.154081
1373 0.119243
1374 0.181845
1375 0.077877
1376 0.202653
1377 0.315200
1378 0.155294
1379 0.078591
1380 0.174884
1381 0.104767
1382 0.264346
1383 0.096863
1384 0.131678
1385 0.229578
1386 0.111596
1387 0.120739
1388 0.098734
1389 0.175059
1390 0.276994
1391 0.041757
1392 0.040031
1393 0.114814
1394 0.053137
1395 0.090926
1396 0.320789
1397 0.150323
1398 0.054053
1399 0.216685
1400 0.101986
1401 0.222748
1402 0.039398
1403 0.210160
1404 0.061029
1405 0.164957
1406 0.059636
1407 0.094829
1408 0.126372
1409 0.195777
1410 0.079584
1411 0.062201
1412 0.075973
1413 0.091546
1414 0.024124
1415 0.209973
1416 0.068972
1417 0.123120
1418 0.146609
1419 0.210135
1420 0.022908
1421 0.218651
1422 0.200762
1423 0.039400
1424 0.352379
1425 0.120381
1426 0.054613
1427 0.017194
1428 0.078017
1429 0.224757
1430 0.096432
1431 0.073754
1432 0.019768
1433 0.188643
1434 0.129662
1435 0.248959
1436 0.441288
1437 0.013524
1438 0.087892
1439 0.159280
1440 0.281597
