1440
0 0.000000
1 -0.197496
2 0.042048
3 -0.550067
4 0.358383
5 -0.256084
6 -0.049164
7 -0.065775
8 -0.002021
9 -0.330153
10 -0.171998
11 0.002155
12 0.177905
13 -0.077448
14 0.129586
15 -0.006026
16 -0.342660
17 -0.289426
18 0.067867
19 0.011429
20 -0.166659
21 -0.041238
22 -0.146985
23 -0.373734
24 0.420763
25 0.124053
26 0.193161
27 0.030860
28 0.179771
29 -0.177678
30 -0.040944
31 0.128536
32 0.009354
33 0.370406
34 0.475008
35 0.374777
36 0.048433
37 0.090733
38 0.140319
39 0.365039
40 0.336312
41 0.547709
42 0.501727
43 0.704953
44 0.303101
45 0.447643
46 0.649885
47 0.510764
48 0.465972
49 0.690918
50 0.552230
51 0.724466
52 0.719337
53 0.725163
54 0.608010
55 0.672496
56 0.643185
57 0.886782
58 0.722592
59 0.790590
60 0.769606
61 0.821218
62 0.807495
63 0.913658
64 0.901213
65 1.022220
66 0.815253
67 0.858210
68 0.845751
69 0.861954
70 0.871536
71 0.872440
72 0.796459
73 0.851549
74 0.901296
75 0.806359
76 0.839535
77 1.029857
78 0.918768
79 0.911597
80 0.895809
81 1.010733
82 0.948228
83 0.947602
84 0.937420
85 0.855643
86 0.865097
87 0.986440
88 0.940543
89 0.850949
90 0.953429
91 0.922039
92 0.963181
93 0.920454
94 0.944262
95 0.944409
96 0.912092
97 0.881341
98 0.911881
99 0.935786
100 0.865524
101 0.903480
102 0.879831
103 0.854997
104 0.901796
105 0.933058
106 0.982679
107 0.895694
108 0.903633
109 0.942762
110 0.878229
111 1.079085
112 0.870691
113 1.029463
114 0.920201
115 0.833194
116 0.927341
117 0.848838
118 0.911400
119 0.855344
120 0.867410
121 0.970640
122 0.881531
123 0.878217
124 0.934630
125 0.933572
126 0.884965
127 0.876721
128 0.900297
129 0.822457
130 0.935839
131 0.855103
132 0.933394
133 0.870863
134 0.937093
135 0.816563
136 0.919261
137 0.879684
138 0.907807
139 1.012409
140 0.909488
141 0.875426
142 0.898699
143 0.923419
144 0.870781
145 0.975105
146 0.910078
147 0.940954
148 0.900079
149 0.915888
150 0.834591
151 0.873138
152 0.866202
153 0.905817
154 0.848002
155 0.883374
156 0.867597
157 0.898772
158 0.913785
159 0.920842
160 0.850513
161 1.011059
162 0.903001
163 0.877210
164 1.003962
165 0.913782
166 0.953697
167 0.887658
168 0.920086
169 0.918332
170 0.870431
171 0.795958
172 0.931246
173 0.913230
174 0.914043
175 0.913150
176 0.937569
177 0.927654
178 0.942674
179 0.863321
180 0.925427
181 0.870238
182 0.837274
183 0.931158
184 0.988326
185 0.958803
186 0.965199
187 0.981771
188 0.926703
189 1.007485
190 0.882061
191 1.002502
192 0.935765
193 0.913902
194 0.859871
195 0.845941
196 1.053725
197 0.837540
198 0.835368
199 0.898389
200 0.874165
201 0.800157
202 0.894199
203 0.926310
204 0.813565
205 0.915276
206 0.979103
207 0.899624
208 0.883072
209 0.893967
210 0.844528
211 1.011670
212 0.999103
213 0.839826
214 0.918694
215 0.901410
216 0.878088
217 0.878854
218 0.814881
219 0.902612
220 0.853223
221 0.900981
222 0.917996
223 0.917209
224 0.963421
225 0.905221
226 0.850555
227 0.915134
228 0.871837
229 0.832399
230 0.904951
231 0.872084
232 0.883452
233 0.907657
234 0.870059
235 1.014075
236 0.959159
237 0.841921
238 0.947244
239 0.983603
240 0.890259
241 0.835138
242 0.913466
243 0.848943
244 0.960592
245 0.901772
246 0.942681
247 0.919502
248 0.998308
249 0.894838
250 0.879511
251 0.884138
252 0.890630
253 0.947308
254 0.946550
255 0.832717
256 0.966809
257 0.871448
258 1.014140
259 1.029274
260 0.891414
261 0.906728
262 1.011357
263 0.874072
264 1.017241
265 0.867990
266 0.844268
267 0.877732
268 1.016609
269 0.864454
270 0.808871
271 0.880449
272 0.873511
273 0.962129
274 0.930402
275 0.909427
276 0.935135
277 0.894728
278 0.878985
279 0.885652
280 0.915249
281 0.909371
282 0.845805
283 0.842382
284 0.931382
285 0.842161
286 0.986519
287 0.832435
288 0.990118
289 0.845761
290 0.859800
291 0.900231
292 1.042833
293 0.962689
294 1.019850
295 0.869208
296 0.974531
297 0.911225
298 0.927855
299 0.912975
300 1.024462
301 0.882684
302 0.875350
303 1.028357
304 0.965765
305 0.902367
306 0.822559
307 0.878521
308 0.869384
309 0.889901
310 1.008640
311 0.848448
312 0.887847
313 0.868792
314 0.900255
315 1.099636
316 1.020170
317 0.941868
318 0.895434
319 1.021822
320 1.005910
321 0.882954
322 0.884084
323 0.915804
324 0.844252
325 0.970804
326 0.834221
327 0.880223
328 0.984880
329 0.852116
330 0.889875
331 1.107705
332 0.982466
333 1.030969
334 1.046688
335 0.902309
336 0.829190
337 1.011129
338 0.931193
339 0.892777
340 0.869125
341 0.894009
342 0.981737
343 1.024570
344 0.872724
345 0.865422
346 0.888256
347 0.926606
348 0.895629
349 0.950932
350 0.822916
351 0.837269
352 0.853462
353 0.843116
354 0.866697
355 0.923976
356 0.925424
357 0.876938
358 0.869178
359 0.821174
360 1.004825
361 0.974306
362 0.965585
363 0.876156
364 0.835390
365 0.986494
366 0.898689
367 0.947747
368 1.009922
369 1.025820
370 0.946621
371 0.868310
372 0.874574
373 0.890087
374 0.937545
375 0.952086
376 0.839709
377 0.848207
378 0.945267
379 0.944447
380 0.969464
381 0.855668
382 0.880461
383 0.992169
384 0.864617
385 0.911899
386 0.953040
387 0.970199
388 0.881093
389 0.882761
390 0.793300
391 0.845571
392 0.942117
393 0.846869
394 0.902714
395 0.846753
396 0.966985
397 0.976331
398 0.856836
399 0.824645
400 0.862993
401 0.886653
402 0.934169
403 0.908820
404 0.962980
405 0.897287
406 0.858282
407 0.922359
408 0.810144
409 0.928487
410 0.823104
411 0.910977
412 0.862760
413 0.982015
414 1.000219
415 0.945420
416 0.844987
417 0.988804
418 0.892780
419 0.996761
420 0.892826
421 0.846440
422 0.862069
423 0.974848
424 0.871221
425 0.854448
426 0.892977
427 0.908676
428 0.933541
429 0.994265
430 0.858242
431 0.915267
432 0.930151
433 0.874817
434 1.019993
435 0.829716
436 0.869927
437 1.021273
438 0.899852
439 0.917554
440 0.958372
441 0.838025
442 0.844129
443 0.835401
444 0.944682
445 0.888311
446 0.791476
447 1.125259
448 0.892806
449 1.037372
450 0.846544
451 0.941918
452 0.935403
453 0.902625
454 1.047009
455 0.853708
456 0.829995
457 0.869082
458 0.876635
459 0.886531
460 0.870945
461 0.878282
462 0.894231
463 0.837374
464 0.934072
465 0.921312
466 0.928783
467 0.888136
468 0.886843
469 0.813207
470 0.823494
471 0.800418
472 0.896191
473 0.879136
474 0.983350
475 0.904244
476 0.887145
477 0.888091
478 0.817279
479 1.134093
480 0.901336
481 0.868937
482 0.822490
483 0.901163
484 0.894012
485 0.991438
486 0.846076
487 0.904505
488 0.992517
489 0.800320
490 0.911404
491 0.999358
492 0.840664
493 0.887308
494 0.846645
495 0.970809
496 1.042265
497 0.971391
498 0.964001
499 0.883409
500 0.946576
501 0.840993
502 0.879775
503 0.888132
504 0.943369
505 0.862795
506 0.896851
507 0.872330
508 0.920336
509 0.926668
510 1.016280
511 0.887747
512 0.872840
513 0.769177
514 0.860713
515 0.844813
516 0.821950
517 0.949914
518 0.838480
519 1.013465
520 0.868358
521 0.828548
522 0.882657
523 0.890893
524 0.857782
525 0.915994
526 0.844997
527 0.862609
528 1.030518
529 0.959172
530 0.821997
531 0.923752
532 0.851783
533 0.882967
534 0.824979
535 0.979302
536 1.077441
537 0.971541
538 0.883000
539 0.939651
540 0.865365
541 0.868041
542 0.964259
543 0.902826
544 0.984352
545 0.887677
546 1.031219
547 0.871355
548 0.973741
549 0.853160
550 0.963971
551 0.899089
552 0.891578
553 0.948388
554 1.051916
555 0.867865
556 0.829040
557 1.028656
558 0.974250
559 0.904973
560 0.934818
561 1.005995
562 0.832341
563 0.895605
564 0.838877
565 0.997645
566 1.085871
567 0.871939
568 0.863938
569 0.868063
570 0.891404
571 0.860233
572 0.892090
573 0.917943
574 0.821850
575 0.981941
576 0.863059
577 0.910454
578 0.919787
579 1.047677
580 0.993042
581 0.904752
582 0.936763
583 1.023140
584 1.023874
585 0.896229
586 0.847788
587 0.981955
588 0.987730
589 0.882443
590 0.849319
591 0.895634
592 0.912807
593 0.970324
594 0.875245
595 0.886139
596 0.886177
597 0.845749
598 0.911053
599 0.911807
600 0.992061
601 0.872949
602 0.939264
603 0.955433
604 1.043585
605 0.842643
606 0.911072
607 1.013837
608 0.910275
609 0.830492
610 0.885381
611 0.826026
612 0.880116
613 0.895388
614 0.981225
615 0.797596
616 0.859339
617 0.882849
618 0.901510
619 0.906495
620 0.851515
621 1.082954
622 0.906523
623 0.908457
624 0.932918
625 1.013176
626 0.844908
627 0.924241
628 0.837603
629 0.885945
630 0.925069
631 1.028618
632 0.831832
633 0.927774
634 0.872253
635 0.837930
636 0.839350
637 0.879325
638 0.969991
639 0.859328
640 0.871675
641 0.807007
642 1.007160
643 0.881360
644 1.016780
645 0.879512
646 0.879676
647 0.872451
648 0.855569
649 0.862688
650 0.928350
651 0.992815
652 0.976502
653 0.943140
654 0.926740
655 0.814141
656 0.939649
657 0.884004
658 0.917713
659 0.878775
660 0.835040
661 0.867050
662 0.843081
663 0.874934
664 0.907293
665 0.849494
666 0.938579
667 0.925699
668 0.926723
669 0.958096
670 0.976168
671 0.840155
672 0.912661
673 0.918682
674 0.934792
675 0.915785
676 0.965349
677 0.932390
678 0.924610
679 1.068724
680 1.020501
681 0.893558
682 0.950415
683 0.839324
684 0.871416
685 0.974728
686 1.016232
687 0.883307
688 0.859709
689 0.835369
690 0.850248
691 0.898243
692 0.959839
693 0.929408
694 0.857155
695 0.942687
696 1.033762
697 0.977598
698 0.859421
699 0.874239
700 0.881461
701 0.905391
702 0.879134
703 0.893640
704 0.853183
705 0.956199
706 0.823081
707 1.041123
708 0.918876
709 0.981697
710 0.862894
711 0.878288
712 0.871073
713 0.872074
714 0.879299
715 0.917410
716 0.859229
717 0.930662
718 1.009704
719 0.953833
720 0.890415
721 0.826430
722 0.891318
723 1.098807
724 0.907806
725 1.061084
726 0.822706
727 0.862023
728 0.893884
729 0.860026
730 0.899260
731 0.851786
732 0.995807
733 0.899142
734 0.923395
735 0.942207
736 0.950676
737 0.815179
738 0.863170
739 0.872624
740 0.952425
741 0.914780
742 1.051558
743 0.917288
744 0.900176
745 0.843863
746 1.085117
747 0.973014
748 1.011175
749 0.906377
750 0.970760
751 0.921111
752 1.073150
753 0.993866
754 0.833969
755 0.849745
756 0.800346
757 0.958267
758 0.997084
759 0.869586
760 0.884595
761 0.917774
762 1.036820
763 0.925269
764 0.869028
765 0.900693
766 0.971912
767 1.021854
768 0.797176
769 0.965175
770 0.877581
771 0.837691
772 0.886187
773 0.839346
774 0.909508
775 0.853195
776 0.884559
777 1.045805
778 0.933510
779 1.029138
780 0.893953
781 0.967222
782 0.885859
783 0.973843
784 0.998722
785 0.967639
786 0.837369
787 0.847203
788 0.904837
789 0.994484
790 0.899382
791 0.836838
792 0.868217
793 0.889861
794 1.010870
795 0.842496
796 1.017808
797 0.832469
798 0.926410
799 0.988269
800 0.937393
801 0.934829
802 0.909853
803 0.862311
804 0.894757
805 0.777020
806 0.903669
807 0.880880
808 0.855885
809 0.928194
810 0.851065
811 1.026558
812 1.059326
813 0.907718
814 0.885970
815 0.846762
816 0.927001
817 0.887525
818 0.918190
819 0.870950
820 0.839008
821 0.871513
822 0.943928
823 0.808958
824 0.967998
825 1.072170
826 0.897698
827 0.818733
828 0.866039
829 0.911502
830 1.175935
831 1.018817
832 0.993514
833 0.962108
834 0.969238
835 0.865636
836 0.888884
837 1.057100
838 0.832857
839 0.818568
840 0.977545
841 0.975670
842 0.840397
843 1.129653
844 0.954194
845 0.972943
846 0.882214
847 0.937913
848 0.857827
849 0.903714
850 0.848448
851 0.913878
852 0.928996
853 0.954669
854 0.865579
855 1.001357
856 0.922081
857 0.860151
858 0.883587
859 0.899213
860 0.908278
861 0.939817
862 0.922940
863 0.962344
864 0.977916
865 0.856814
866 0.865408
867 0.856738
868 0.853353
869 0.978420
870 0.929520
871 0.929982
872 0.881711
873 0.844755
874 0.989090
875 0.876300
876 0.827819
877 0.959799
878 0.984286
879 0.947181
880 0.924768
881 0.971111
882 1.058779
883 1.043225
884 0.865325
885 0.912313
886 1.097194
887 0.900682
888 0.781935
889 1.099469
890 0.995643
891 0.857977
892 0.802739
893 0.945841
894 0.982038
895 0.885165
896 0.838369
897 0.926295
898 0.894380
899 0.942080
900 0.919505
901 0.855040
902 0.918999
903 0.847532
904 0.814411
905 0.982399
906 0.853337
907 0.955780
908 1.004537
909 0.915622
910 0.833592
911 0.879277
912 0.950691
913 0.892760
914 0.805232
915 1.077653
916 0.845195
917 0.869844
918 0.877972
919 0.824373
920 0.943982
921 0.911619
922 1.001046
923 0.864870
924 0.954378
925 0.906428
926 0.956692
927 0.899215
928 1.002272
929 1.019609
930 0.820385
931 0.827074
932 0.844031
933 0.789380
934 0.915678
935 0.948436
936 1.084605
937 1.036356
938 0.876136
939 1.038538
940 0.877019
941 0.827141
942 0.995800
943 0.860327
944 0.909184
945 1.004192
946 0.949664
947 0.948656
948 0.884673
949 1.028702
950 0.853825
951 0.917966
952 0.788806
953 0.890114
954 0.899766
955 1.035851
956 0.822128
957 0.853187
958 0.868496
959 0.892471
960 0.875747
961 0.866198
962 1.002219
963 0.921956
964 0.924102
965 0.987031
966 0.882171
967 0.888742
968 0.864781
969 0.966379
970 0.904334
971 0.903103
972 0.839122
973 0.909718
974 0.938085
975 0.993216
976 0.864818
977 0.825427
978 0.888694
979 1.001402
980 0.818593
981 0.970431
982 0.897998
983 0.834456
984 0.888033
985 1.068799
986 0.832326
987 0.973677
988 0.941411
989 1.037724
990 0.909582
991 0.908551
992 0.866092
993 0.906880
994 1.003831
995 0.900514
996 0.853299
997 0.854246
998 0.830777
999 0.895364
1000 1.101615
1001 0.974384
1002 1.038914
1003 0.832227
1004 0.832344
1005 0.856318
1006 0.993567
1007 0.857353
1008 0.895641
1009 0.879047
1010 0.895178
1011 0.901763
1012 0.910952
1013 0.832453
1014 0.878814
1015 0.903575
1016 0.903248
1017 0.943955
1018 0.877294
1019 0.942863
1020 0.878941
1021 1.030535
1022 0.799548
1023 0.925949
1024 0.939913
1025 0.821076
1026 1.037662
1027 0.901591
1028 0.870614
1029 0.863504
1030 0.873286
1031 0.855669
1032 0.865392
1033 0.912360
1034 0.896799
1035 0.846201
1036 0.860617
1037 0.845037
1038 0.910820
1039 0.878898
1040 0.967967
1041 0.865111
1042 0.808343
1043 0.895807
1044 0.913412
1045 0.930606
1046 0.876545
1047 0.850167
1048 0.897105
1049 0.930036
1050 0.826384
1051 0.873076
1052 1.006005
1053 0.871327
1054 1.022058
1055 0.879429
1056 1.055014
1057 0.934194
1058 0.902249
1059 0.901493
1060 0.919810
1061 0.871353
1062 0.847380
1063 1.102602
1064 0.855615
1065 0.880189
1066 0.810047
1067 0.888782
1068 0.874534
1069 0.951610
1070 0.946901
1071 0.866169
1072 0.905582
1073 0.905488
1074 0.922317
1075 0.865424
1076 0.912888
1077 0.793449
1078 0.927061
1079 0.847124
1080 0.886811
1081 0.927508
1082 0.960166
1083 0.815698
1084 0.903058
1085 0.910341
1086 0.879742
1087 0.790570
1088 0.802558
1089 0.834044
1090 0.856644
1091 0.951573
1092 0.861922
1093 0.909537
1094 0.909391
1095 0.780885
1096 0.851533
1097 0.941335
1098 0.870325
1099 0.879463
1100 0.983588
1101 0.961268
1102 0.857524
1103 0.857455
1104 0.922230
1105 0.928715
1106 0.866959
1107 0.875260
1108 0.914195
1109 0.916139
1110 1.006340
1111 0.895734
1112 0.879969
1113 0.838056
1114 0.923304
1115 0.874865
1116 0.834945
1117 0.874736
1118 0.820734
1119 0.965132
1120 0.885238
1121 0.841455
1122 0.946076
1123 0.856661
1124 0.870926
1125 0.845564
1126 0.931939
1127 0.874897
1128 0.939245
1129 0.876258
1130 0.899409
1131 1.004049
1132 0.876551
1133 0.931797
1134 0.843231
1135 0.912155
1136 0.848305
1137 0.894921
1138 0.855409
1139 0.903535
1140 0.918006
1141 0.868810
1142 0.901417
1143 0.917080
1144 0.875450
1145 0.876408
1146 0.869275
1147 1.021711
1148 0.864783
1149 0.847966
1150 0.863853
1151 0.848187
1152 0.952894
1153 0.912902
1154 0.830909
1155 0.886616
1156 0.893929
1157 0.823743
1158 0.855193
1159 0.830904
1160 0.854466
1161 0.871044
1162 0.861259
1163 0.796777
1164 0.867952
1165 0.932740
1166 0.979361
1167 0.947352
1168 0.915950
1169 0.845373
1170 0.924218
1171 0.916561
1172 0.892517
1173 0.866927
1174 0.987483
1175 0.997549
1176 0.862247
1177 0.904768
1178 0.833315
1179 0.887178
1180 0.855452
1181 0.886540
1182 0.869615
1183 0.892689
1184 0.980986
1185 0.974387
1186 0.936133
1187 0.960314
1188 0.944122
1189 0.863963
1190 0.912258
1191 0.976634
1192 0.982035
1193 0.840082
1194 0.880018
1195 1.044677
1196 0.837245
1197 0.915827
1198 0.940843
1199 0.830408
1200 0.903623
1201 0.928334
1202 0.896939
1203 0.897599
1204 0.897138
1205 0.898441
1206 0.802649
1207 0.895941
1208 0.832758
1209 0.871348
1210 0.942781
1211 0.894659
1212 0.894354
1213 0.869444
1214 0.980571
1215 0.909581
1216 1.012945
1217 0.963240
1218 0.832521
1219 0.904091
1220 0.817231
1221 0.922904
1222 0.859188
1223 0.801037
1224 0.846356
1225 0.983076
1226 0.928848
1227 0.826040
1228 0.968686
1229 0.873273
1230 0.840469
1231 0.927140
1232 0.911467
1233 0.824460
1234 0.918753
1235 0.861506
1236 0.950205
1237 0.832023
1238 0.823548
1239 0.904041
1240 0.832233
1241 0.885371
1242 0.830875
1243 0.846336
1244 0.914537
1245 0.856692
1246 0.943791
1247 0.985240
1248 0.905578
1249 0.881053
1250 0.903809
1251 0.998773
1252 0.861406
1253 0.883111
1254 0.867810
1255 0.854080
1256 0.838165
1257 0.837192
1258 0.932678
1259 0.909325
1260 0.902214
1261 0.832254
1262 0.833744
1263 0.840675
1264 0.870949
1265 0.808490
1266 1.048160
1267 0.873702
1268 0.955624
1269 0.900107
1270 0.948097
1271 0.883997
1272 0.876702
1273 0.860024
1274 0.906661
1275 0.907212
1276 0.895750
1277 0.878919
1278 0.878213
1279 0.861006
1280 0.901340
1281 0.828874
1282 0.811450
1283 0.931026
1284 0.844489
1285 0.954311
1286 0.891541
1287 0.883705
1288 0.828319
1289 0.893237
1290 0.828381
1291 0.856759
1292 0.863787
1293 0.839118
1294 0.829698
1295 0.947222
1296 0.803843
1297 0.889328
1298 0.945198
1299 0.960915
1300 0.777147
1301 0.904271
1302 0.961429
1303 0.904397
1304 0.849779
1305 0.826993
1306 0.896432
1307 0.841207
1308 0.786189
1309 0.882948
1310 0.826679
1311 0.818538
1312 0.827999
1313 0.892663
1314 0.828360
1315 0.852562
1316 0.827054
1317 0.832633
1318 0.926707
1319 0.814688
1320 0.844739
1321 0.796251
1322 0.995685
1323 0.924676
1324 0.965651
1325 0.838012
1326 0.967072
1327 0.815432
1328 0.846938
1329 0.827620
1330 0.810974
1331 0.889947
1332 0.911631
1333 0.801054
1334 0.903644
1335 0.823355
1336 0.775949
1337 0.807217
1338 0.887041
1339 0.824709
1340 0.840261
1341 0.826653
1342 0.865095
1343 0.855476
1344 0.992375
1345 0.823410
1346 0.862344
1347 0.751529
1348 0.829906
1349 0.855265
1350 0.832469
1351 0.822862
1352 0.900427
1353 0.754012
1354 0.752803
1355 0.864331
1356 0.839647
1357 0.806626
1358 0.796877
1359 0.841156
1360 0.842625
1361 0.842690
1362 0.897812
1363 0.779183
1364 0.849011
1365 0.790321
1366 0.775727
1367 0.847588
1368 0.886125
1369 0.823840
1370 0.814852
1371 0.789039
1372 0.780555
1373 0.901944
1374 0.774112
1375 0.839026
1376 0.805757
1377 0.700204
1378 0.738095
1379 0.824927
1380 0.795460
1381 0.755617
1382 0.780965
1383 0.772757
1384 0.731497
1385 0.777805
1386 0.746273
1387 0.782586
1388 0.806371
1389 0.716348
1390 0.847381
1391 0.807844
1392 0.709884
1393 0.717303
1394 0.739807
1395 0.763002
1396 0.858990
1397 0.755346
1398 0.765315
1399 0.739378
1400 0.770946
1401 0.744419
1402 0.758258
1403 0.828713
1404 0.883877
1405 0.769683
1406 0.713254
1407 0.736406
1408 0.754198
1409 0.777983
1410 0.768957
1411 0.761005
1412 0.724400
1413 0.713010
1414 0.824438
1415 0.729652
1416 0.817730
1417 0.728943
1418 0.694521
1419 0.685371
1420 0.753692
1421 0.744510
1422 0.734539
1423 0.918048
1424 0.781723
1425 0.741108
1426 0.774684
1427 0.855011
1428 0.741389
1429 0.788235
1430 0.866199
1431 0.857740
1432 0.764404
1433 0.835325
1434 1.018499
1435 0.841900
1436 0.794708
1437 0.955318
1438 0.883354
1439 0.863359
1440 0.834429
