1440
0 0.000000
1 -0.241197
2 0.020399
3 -0.549293
4 0.349582
5 -0.154436
6 -0.004290
7 -0.078275
8 -0.088307
9 -0.322619
10 -0.189953
11 0.006623
12 0.268835
13 -0.011483
14 0.106466
15 -0.030672
16 -0.361018
17 -0.229340
18 0.062867
19 -0.010913
20 -0.198482
21 -0.034279
22 -0.221030
23 -0.377446
24 0.391815
25 0.142155
26 0.210272
27 0.023221
28 0.139153
29 -0.210810
30 -0.050402
31 0.110834
32 -0.016422
33 0.304698
34 0.384627
35 0.259734
36 0.052777
37 -0.008747
38 0.024404
39 0.264798
40 0.251523
41 0.494504
42 0.400748
43 0.595538
44 0.200830
45 0.344760
46 0.618648
47 0.415376
48 0.370244
49 0.579057
50 0.423965
51 0.635618
52 0.574237
53 0.515872
54 0.389699
55 0.405678
56 0.535446
57 0.715152
58 0.606286
59 0.706046
60 0.501184
61 0.583252
62 0.632415
63 0.858421
64 0.957910
65 1.039790
66 0.705655
67 0.756830
68 0.728389
69 0.648857
70 0.921860
71 0.652215
72 0.736210
73 0.672022
74 0.817322
75 0.674656
76 0.612632
77 0.706768
78 0.979102
79 0.965547
80 0.999074
81 0.651948
82 0.924728
83 0.813319
84 0.732040
85 0.953933
86 0.876414
87 0.734933
88 1.025241
89 0.929547
90 0.977016
91 0.994349
92 0.948499
93 0.994129
94 1.011963
95 0.918263
96 0.918370
97 0.999919
98 0.984729
99 0.954392
100 0.956687
101 0.971191
102 0.924494
103 0.956951
104 0.909002
105 0.973248
106 1.071657
107 0.929228
108 0.930357
109 0.897891
110 0.960973
111 1.106191
112 0.962321
113 1.121258
114 0.932303
115 0.917481
116 0.899833
117 0.885053
118 0.900057
119 0.915424
120 0.943924
121 0.863510
122 0.941342
123 1.034172
124 0.907381
125 0.842124
126 0.952148
127 0.984473
128 0.984376
129 0.906543
130 0.987809
131 0.955234
132 0.921965
133 0.938882
134 0.973168
135 0.972890
136 0.924276
137 0.924621
138 0.953015
139 1.193904
140 0.908271
141 0.857636
142 0.905265
143 0.889927
144 0.908517
145 1.021148
146 0.908540
147 0.923566
148 0.842640
149 0.905840
150 0.919751
151 0.934903
152 0.903599
153 0.919086
154 0.916854
155 0.968154
156 0.968894
157 0.968732
158 0.919689
159 1.029914
160 0.968092
161 1.097214
162 0.813624
163 0.890955
164 0.857624
165 0.871302
166 0.934997
167 0.964676
168 0.981442
169 0.868029
170 0.883988
171 0.961765
172 1.057707
173 0.880282
174 0.832323
175 0.910530
176 0.863001
177 0.988552
178 0.859435
179 0.891249
180 0.969158
181 0.970391
182 0.938014
183 0.984350
184 0.873697
185 0.859196
186 0.872661
187 0.921019
188 0.857453
189 0.857322
190 0.939083
191 0.827749
192 0.888475
193 0.986399
194 0.941232
195 0.927263
196 0.767173
197 0.861435
198 0.939281
199 0.875522
200 0.922907
201 0.905140
202 0.984292
203 1.017120
204 0.921118
205 0.904205
206 0.840811
207 0.839972
208 0.935174
209 0.889923
210 0.952602
211 0.888705
212 0.827106
213 0.875106
214 0.938896
215 0.954001
216 0.954982
217 0.956343
218 0.908647
219 0.973058
220 0.860216
221 0.955718
222 0.812345
223 1.003114
224 0.905229
225 0.918115
226 0.903236
227 0.952191
228 0.965433
229 0.934536
230 0.903730
231 0.967046
232 0.948021
233 0.932470
234 0.887244
235 0.807730
236 1.015556
237 0.970000
238 0.939621
239 0.863290
240 0.912909
241 0.897739
242 0.944253
243 0.944141
244 0.879977
245 0.972186
246 0.861218
247 0.861449
248 0.876048
249 0.619330
250 0.922336
251 0.967258
252 0.854804
253 0.887021
254 0.917543
255 0.915043
256 0.833746
257 0.913650
258 0.768505
259 0.878368
260 0.875875
261 0.939223
262 0.860035
263 0.953855
264 0.825904
265 0.891499
266 0.891713
267 0.973715
268 0.833563
269 0.848944
270 0.929939
271 0.930696
272 0.915834
273 0.884858
274 0.980716
275 0.920264
276 0.890222
277 0.889928
278 0.922196
279 0.873473
280 0.919236
281 0.874216
282 0.906638
283 0.951415
284 0.825223
285 0.951674
286 0.760978
287 0.981886
288 0.837089
289 0.931783
290 0.978440
291 0.882939
292 0.817641
293 0.895622
294 0.800894
295 0.913095
296 0.834419
297 0.834405
298 0.866323
299 0.883131
300 0.818309
301 0.915534
302 0.980128
303 0.757433
304 0.837390
305 0.869374
306 0.917209
307 0.965869
308 0.917339
309 0.898655
310 0.817263
311 0.912283
312 0.928789
313 0.958527
314 0.862420
315 0.781785
316 0.828423
317 0.877418
318 0.879193
319 0.781933
320 0.829584
321 0.906328
322 0.940240
323 0.876684
324 0.941098
325 0.860323
326 0.907576
327 0.906143
328 0.843286
329 0.941466
330 0.955872
331 0.830334
332 0.815288
333 0.846798
334 0.798339
335 0.925037
336 0.972704
337 0.812337
338 0.859527
339 0.860841
340 1.020788
341 0.846784
342 0.910480
343 0.833353
344 0.912998
345 0.897835
346 0.929268
347 0.912396
348 0.961897
349 0.881505
350 0.913660
351 0.945409
352 0.914411
353 1.008963
354 0.977785
355 0.787594
356 0.868611
357 0.948270
358 0.901482
359 0.901969
360 0.806806
361 0.791408
362 0.790620
363 0.948559
364 0.948303
365 0.820110
366 0.915435
367 0.948013
368 0.818383
369 0.785378
370 0.896262
371 0.977577
372 0.928554
373 0.928240
374 0.895553
375 0.829237
376 0.955869
377 0.972652
378 0.878214
379 0.845121
380 0.893574
381 0.923721
382 0.957074
383 0.829754
384 0.892972
385 0.924851
386 0.846428
387 0.815124
388 0.974003
389 0.912948
390 0.896028
391 0.893409
392 0.878626
393 0.959226
394 0.879978
395 0.943814
396 0.912532
397 0.833466
398 0.913001
399 0.945726
400 0.912589
401 0.912105
402 0.912458
403 0.911163
404 0.829027
405 0.890960
406 0.892051
407 0.907704
408 0.907391
409 0.890692
410 0.937044
411 0.873864
412 0.937248
413 0.824834
414 0.809819
415 0.858072
416 0.940636
417 0.829620
418 0.861164
419 0.844695
420 0.859759
421 0.861121
422 0.860376
423 0.909005
424 0.973173
425 0.877129
426 0.892315
427 0.876039
428 0.892195
429 0.840720
430 0.983487
431 0.872877
432 0.904625
433 0.904856
434 0.858306
435 0.923090
436 0.955425
437 0.827490
438 0.937510
439 0.859486
440 0.860257
441 0.907884
442 0.939024
443 0.907414
444 0.856841
445 0.872356
446 0.919931
447 0.806479
448 0.932175
449 0.805348
450 0.901749
451 0.853488
452 0.774131
453 0.884913
454 0.821341
455 0.914578
456 0.915640
457 0.835030
458 0.946430
459 0.900846
460 0.885520
461 0.869208
462 0.885127
463 0.948827
464 0.902107
465 0.888961
466 0.872917
467 1.048222
468 0.887781
469 0.982260
470 0.905168
471 0.922738
472 0.923476
473 0.907124
474 0.844406
475 0.844326
476 0.907852
477 0.876682
478 0.941599
479 0.780296
480 0.905735
481 0.905802
482 0.939121
483 0.890211
484 0.906833
485 0.908099
486 0.969845
487 0.876576
488 0.859924
489 0.970811
490 0.890633
491 0.858182
492 1.001963
493 0.938311
494 0.970124
495 0.862840
496 0.797667
497 0.829277
498 0.909123
499 0.939964
500 0.843105
501 0.937017
502 0.904748
503 1.081493
504 0.905767
505 0.936826
506 0.939560
507 0.907180
508 0.923306
509 0.889839
510 0.859349
511 0.890382
512 0.891696
513 0.875748
514 0.936654
515 0.920980
516 0.970470
517 0.875332
518 0.939251
519 0.842801
520 0.904919
521 0.969131
522 0.888715
523 0.921091
524 0.920618
525 0.858982
526 0.955488
527 0.925617
528 0.829906
529 0.877389
530 0.971561
531 0.890391
532 0.905450
533 0.824689
534 0.901935
535 0.856759
536 0.810116
537 0.822807
538 0.932844
539 0.901937
540 0.899584
541 0.885941
542 0.821748
543 0.919084
544 0.824650
545 0.919289
546 0.822922
547 0.869539
548 0.867424
549 0.962184
550 0.850161
551 0.880537
552 0.849203
553 0.834281
554 0.833288
555 0.927734
556 0.961280
557 0.850042
558 0.866703
559 0.948934
560 0.866940
561 0.818965
562 0.884288
563 0.820378
564 0.868129
565 0.899460
566 0.819206
567 0.947593
568 0.932308
569 0.928918
570 0.945135
571 0.867233
572 0.931628
573 0.869821
574 0.901509
575 0.822604
576 1.015592
577 1.048638
578 0.923206
579 0.795017
580 0.827478
581 0.906280
582 0.810128
583 0.855871
584 0.855698
585 0.902887
586 0.950972
587 0.886499
588 0.835983
589 0.946025
590 0.961316
591 1.040517
592 0.914600
593 0.851414
594 0.964042
595 0.919059
596 0.935121
597 0.902824
598 0.856400
599 0.936884
600 0.857576
601 0.954012
602 0.876449
603 0.860882
604 0.861086
605 0.907535
606 0.840805
607 0.855737
608 0.855835
609 0.903554
610 0.887121
611 0.916242
612 0.866957
613 0.897665
614 0.863521
615 0.959051
616 0.990059
617 0.926096
618 0.880363
619 0.925796
620 0.943205
621 0.767153
622 0.972890
623 0.911117
624 0.943952
625 0.816088
626 0.878851
627 0.895077
628 0.896128
629 0.945299
630 0.881493
631 0.849016
632 0.866410
633 0.851431
634 0.914890
635 0.881045
636 0.978517
637 0.914963
638 0.902119
639 0.902549
640 0.931465
641 0.962819
642 0.852293
643 0.917065
644 0.884502
645 0.898603
646 0.898700
647 0.947651
648 0.931637
649 0.883137
650 0.885160
651 0.838049
652 0.853003
653 0.835253
654 0.834660
655 0.897120
656 0.894905
657 0.927136
658 0.881209
659 0.865921
660 0.909907
661 0.910025
662 0.894573
663 0.958644
664 0.831536
665 1.005562
666 0.879728
667 1.058129
668 0.852223
669 0.834777
670 0.867947
671 0.931391
672 0.868845
673 0.883346
674 0.787216
675 0.927732
676 0.849023
677 0.911615
678 0.991357
679 0.799855
680 0.846476
681 0.862397
682 0.894703
683 0.942903
684 0.863572
685 0.878466
686 0.878767
687 0.960633
688 0.897400
689 0.881193
690 0.944199
691 0.896908
692 0.831533
693 0.880422
694 0.911884
695 0.893810
696 0.801021
697 0.879943
698 0.898169
699 0.929765
700 0.913962
701 0.882368
702 0.880140
703 0.911086
704 0.991198
705 0.879436
706 0.961791
707 0.772727
708 0.945511
709 0.849203
710 0.897685
711 0.913095
712 0.897922
713 0.930898
714 0.914691
715 0.849657
716 0.959252
717 0.815167
718 0.861823
719 0.876415
720 0.924576
721 0.908953
722 0.942403
723 0.814251
724 0.909341
725 0.846116
726 0.894508
727 0.926840
728 0.878897
729 0.941328
730 0.972931
731 0.894131
732 0.862279
733 0.941284
734 0.909582
735 0.832389
736 0.864296
737 0.960404
738 0.946090
739 0.868059
740 0.899790
741 0.869741
742 0.790290
743 0.886492
744 0.869955
745 0.981530
746 0.807534
747 0.838420
748 0.851549
749 0.850072
750 0.866664
751 0.913046
752 0.832592
753 0.879646
754 0.910429
755 0.926366
756 0.925424
757 0.844138
758 0.826668
759 0.873600
760 0.889191
761 0.858469
762 0.809692
763 0.857050
764 0.904464
765 0.857254
766 0.840712
767 0.810510
768 0.905405
769 0.875202
770 0.859317
771 0.955585
772 0.877834
773 0.959211
774 0.862239
775 0.926203
776 0.925967
777 0.815659
778 0.877733
779 0.829599
780 0.989524
781 0.863943
782 0.894217
783 0.846445
784 0.862625
785 0.863428
786 0.988938
787 0.959668
788 0.898798
789 0.884280
790 0.900561
791 0.934119
792 0.901838
793 0.932071
794 0.853285
795 0.979868
796 0.820592
797 0.898559
798 0.896879
799 0.926533
800 0.891299
801 0.857160
802 0.968603
803 0.904903
804 0.921133
805 0.939500
806 0.939849
807 0.989360
808 0.908531
809 0.877795
810 0.928209
811 0.832181
812 0.895950
813 0.943316
814 0.897631
815 0.898579
816 0.995431
817 0.868072
818 0.866639
819 0.932009
820 0.884305
821 0.917389
822 0.838085
823 0.901987
824 0.805217
825 0.868661
826 0.949024
827 0.902394
828 0.918013
829 0.899906
830 0.804079
831 0.868599
832 0.818701
833 0.850528
834 0.928881
835 0.865288
836 0.816536
837 0.800124
838 0.909714
839 0.879803
840 0.831462
841 0.812355
842 0.940672
843 0.766793
844 0.861803
845 0.816001
846 0.924466
847 0.876861
848 0.972297
849 0.923507
850 0.988665
851 0.927346
852 0.926876
853 0.880586
854 0.863507
855 0.815587
856 0.879989
857 0.914310
858 0.962587
859 0.882974
860 0.900282
861 0.948517
862 0.980500
863 0.852970
864 0.868114
865 0.915251
866 0.996384
867 0.852929
868 0.930514
869 0.864030
870 0.846826
871 0.927126
872 0.926469
873 0.913302
874 0.818312
875 0.864454
876 0.927679
877 0.836275
878 0.820299
879 0.822021
880 0.886705
881 0.836514
882 0.819351
883 0.835049
884 0.959969
885 0.911663
886 0.864283
887 0.946469
888 0.948309
889 0.834944
890 0.801873
891 0.895517
892 0.912772
893 0.896592
894 0.908807
895 0.891136
896 0.892408
897 0.908494
898 0.860503
899 0.940686
900 0.958467
901 0.910764
902 0.912048
903 0.897247
904 0.912797
905 0.817798
906 1.007974
907 0.895543
908 0.912391
909 0.879163
910 0.941395
911 0.940608
912 0.827783
913 0.906219
914 0.954702
915 0.844050
916 0.970490
917 1.052318
918 0.909904
919 0.912121
920 0.864562
921 0.895625
922 0.833002
923 0.943622
924 0.897490
925 0.992891
926 0.899348
927 0.897248
928 0.848250
929 0.880131
930 0.959556
931 0.894999
932 0.960490
933 0.994422
934 0.834033
935 0.866430
936 0.817800
937 0.848086
938 0.910047
939 0.672392
940 0.876761
941 0.971098
942 0.860895
943 0.924905
944 0.878435
945 0.861035
946 0.893336
947 0.876312
948 0.939505
949 0.843837
950 0.971570
951 0.860431
952 0.939656
953 0.890418
954 0.876173
955 0.748169
956 0.925002
957 0.973429
958 0.861593
959 0.861973
960 0.941734
961 0.861273
962 0.813777
963 0.924838
964 0.879069
965 0.877461
966 0.924079
967 0.955574
968 0.957107
969 0.891749
970 1.036862
971 0.924881
972 0.940462
973 1.003931
974 0.880596
975 0.814972
976 0.957768
977 0.958546
978 0.879216
979 0.832314
980 0.911981
981 0.864603
982 0.944390
983 0.929289
984 0.879740
985 0.828812
986 0.927256
987 0.861471
988 0.828118
989 0.828040
990 0.858376
991 0.872848
992 0.918046
993 0.902947
994 1.143553
995 0.873175
996 0.953748
997 0.938746
998 0.971735
999 0.893519
1000 0.827876
1001 0.874943
1002 0.859175
1003 0.939403
1004 0.924213
1005 0.956886
1006 0.847037
1007 0.942323
1008 0.909555
1009 1.005001
1010 0.893855
1011 0.893125
1012 0.926469
1013 0.943784
1014 0.926825
1015 0.895398
1016 0.894787
1017 0.879707
1018 0.973016
1019 0.911076
1020 0.895108
1021 0.846814
1022 0.942526
1023 0.829944
1024 0.859623
1025 0.924346
1026 0.813763
1027 0.812491
1028 0.909042
1029 0.973700
1030 0.912543
1031 0.894968
1032 0.944989
1033 0.911725
1034 0.928176
1035 0.925580
1036 0.940076
1037 0.893178
1038 0.927154
1039 1.023792
1040 0.897516
1041 1.009692
1042 0.945496
1043 0.914170
1044 0.883189
1045 0.900431
1046 0.885961
1047 0.900111
1048 0.883049
1049 0.867418
1050 0.947490
1051 0.899718
1052 0.785299
1053 0.882003
1054 0.880703
1055 0.929260
1056 0.784943
1057 0.878379
1058 0.893933
1059 0.972626
1060 0.814413
1061 0.876999
1062 0.924937
1063 0.764498
1064 1.003088
1065 0.860350
1066 0.910029
1067 0.893617
1068 0.879124
1069 0.860382
1070 0.830787
1071 1.021960
1072 0.895038
1073 0.831096
1074 0.895268
1075 0.974330
1076 0.926225
1077 0.943162
1078 0.910286
1079 0.910521
1080 0.958596
1081 0.911910
1082 0.912918
1083 0.943819
1084 0.864235
1085 0.879721
1086 0.896767
1087 0.927831
1088 0.957279
1089 1.038034
1090 0.958263
1091 0.877716
1092 0.987190
1093 0.956064
1094 0.860043
1095 0.938797
1096 0.954491
1097 0.924581
1098 0.909478
1099 0.878549
1100 0.894897
1101 0.799478
1102 0.942514
1103 0.942980
1104 0.863818
1105 0.846179
1106 0.975596
1107 0.848442
1108 0.927111
1109 0.912369
1110 0.849964
1111 0.913892
1112 0.897588
1113 0.943471
1114 0.877089
1115 0.907960
1116 0.940091
1117 1.004334
1118 0.878825
1119 0.895438
1120 0.959322
1121 0.963658
1122 0.869672
1123 0.947590
1124 0.898609
1125 1.025447
1126 0.849224
1127 0.895896
1128 0.880372
1129 0.880810
1130 0.896257
1131 0.848627
1132 0.992198
1133 0.847594
1134 1.022227
1135 0.924601
1136 0.876399
1137 0.907372
1138 0.939539
1139 0.891939
1140 0.938282
1141 0.985208
1142 0.890320
1143 0.905763
1144 0.919949
1145 0.968542
1146 0.921675
1147 0.842213
1148 0.940101
1149 0.956038
1150 0.908742
1151 0.861224
1152 0.845745
1153 0.829103
1154 0.938645
1155 0.923097
1156 0.890342
1157 0.923902
1158 0.940139
1159 0.940468
1160 0.972937
1161 0.926167
1162 0.941029
1163 0.908372
1164 0.987810
1165 0.909207
1166 0.811205
1167 0.905693
1168 0.921805
1169 0.955559
1170 0.891489
1171 1.003002
1172 0.938748
1173 1.065301
1174 0.875136
1175 0.875792
1176 0.923460
1177 0.893957
1178 0.893763
1179 0.907674
1180 0.923656
1181 0.939193
1182 0.970703
1183 0.890285
1184 0.874386
1185 0.794548
1186 0.938870
1187 0.842833
1188 0.842222
1189 0.872758
1190 0.968747
1191 0.777755
1192 0.806626
1193 0.935752
1194 0.792334
1195 0.804315
1196 0.915634
1197 0.915113
1198 0.835975
1199 0.932991
1200 0.918337
1201 0.855537
1202 0.855318
1203 0.887579
1204 0.839002
1205 0.919953
1206 0.936844
1207 0.951347
1208 0.952310
1209 0.871389
1210 0.919463
1211 0.871810
1212 0.807558
1213 0.934098
1214 0.790300
1215 0.918811
1216 0.838400
1217 0.835985
1218 1.024665
1219 0.881415
1220 0.834142
1221 0.884368
1222 0.869005
1223 0.867177
1224 1.025387
1225 0.835510
1226 0.852582
1227 0.900834
1228 0.851800
1229 0.948075
1230 0.963948
1231 1.027721
1232 0.948332
1233 0.933708
1234 0.853199
1235 0.996051
1236 0.869682
1237 0.967037
1238 0.951109
1239 0.872464
1240 0.872256
1241 0.885559
1242 0.950561
1243 0.998869
1244 0.884246
1245 0.866206
1246 0.850039
1247 0.786469
1248 0.817282
1249 0.927896
1250 0.958311
1251 0.814459
1252 0.908516
1253 0.906521
1254 0.954933
1255 0.909120
1256 0.861618
1257 0.924255
1258 0.876131
1259 0.860241
1260 0.924497
1261 0.958427
1262 0.912831
1263 0.927767
1264 0.862588
1265 0.912265
1266 0.784724
1267 0.896788
1268 0.882229
1269 0.786901
1270 0.833757
1271 0.833341
1272 0.897974
1273 0.961381
1274 0.832985
1275 0.881709
1276 0.910000
1277 0.941384
1278 0.893161
1279 0.939514
1280 0.876490
1281 0.971788
1282 0.875421
1283 0.810924
1284 0.907641
1285 0.810096
1286 0.842433
1287 0.970047
1288 0.843203
1289 0.844515
1290 0.923575
1291 0.921418
1292 0.889120
1293 0.888535
1294 0.935682
1295 0.805747
1296 0.933680
1297 0.900699
1298 0.757235
1299 0.820181
1300 0.947451
1301 0.851660
1302 0.852368
1303 0.850563
1304 0.899332
1305 0.884527
1306 0.915116
1307 0.835560
1308 0.884720
1309 0.853927
1310 0.869411
1311 0.886038
1312 0.919672
1313 0.888384
1314 0.840403
1315 0.920970
1316 0.887961
1317 0.901921
1318 0.884953
1319 0.900382
1320 0.851516
1321 1.011528
1322 0.900226
1323 0.868432
1324 0.773535
1325 0.884453
1326 0.854251
1327 0.918829
1328 0.871413
1329 0.867770
1330 0.883381
1331 0.834643
1332 0.880085
1333 0.945227
1334 0.848895
1335 0.911845
1336 0.976505
1337 0.976821
1338 0.897619
1339 0.914649
1340 0.914687
1341 0.885346
1342 0.820786
1343 0.882902
1344 0.819706
1345 0.913977
1346 0.897712
1347 0.930505
1348 0.962252
1349 0.820842
1350 0.869736
1351 0.884674
1352 0.834595
1353 0.911867
1354 0.911720
1355 0.847790
1356 0.927203
1357 0.846372
1358 0.845123
1359 0.889050
1360 0.954284
1361 0.891725
1362 0.859028
1363 0.860241
1364 0.858148
1365 1.047420
1366 0.985956
1367 0.811641
1368 0.762168
1369 0.794729
1370 0.937286
1371 0.871602
1372 0.870839
1373 0.808304
1374 0.903825
1375 0.904895
1376 0.871994
1377 0.870424
1378 0.885430
1379 0.885038
1380 0.807464
1381 0.871343
1382 0.920584
1383 0.841367
1384 0.968745
1385 0.872661
1386 0.920904
1387 0.886663
1388 0.838543
1389 0.948529
1390 0.809058
1391 0.969232
1392 0.872084
1393 0.887867
1394 0.950901
1395 0.855178
1396 0.774975
1397 0.838456
1398 0.968830
1399 0.887980
1400 0.904046
1401 0.902507
1402 0.916766
1403 0.899756
1404 0.723171
1405 0.863680
1406 0.879070
1407 0.846837
1408 0.864805
1409 0.960647
1410 0.831831
1411 0.799570
1412 0.906451
1413 0.839175
1414 0.790488
1415 0.918396
1416 0.839010
1417 0.933208
1418 0.883424
1419 0.851079
1420 0.863712
1421 0.814629
1422 0.940775
1423 0.781443
1424 0.956163
1425 0.844313
1426 0.861830
1427 0.813780
1428 0.939295
1429 1.003266
1430 0.890544
1431 0.954068
1432 0.972769
1433 0.860923
1434 0.684179
1435 1.048826
1436 0.970238
1437 0.843260
1438 0.905700
1439 1.085087
1440 1.040876
