1440
0 0.000000
1 0.037655
2 0.088084
3 0.106571
4 -0.002548
5 0.127696
6 -0.013896
7 0.075921
8 -0.033148
9 -0.007434
10 0.042831
11 -0.002517
12 0.015855
13 -0.038167
14 0.155601
15 0.038764
16 0.008530
17 -0.021141
18 0.044864
19 -0.081027
20 -0.128023
21 0.000399
22 -0.014052
23 -0.124749
24 0.003701
25 0.045814
26 0.023606
27 0.009601
28 -0.125089
29 0.114944
30 0.092686
31 -0.034237
32 0.006339
33 0.039886
34 0.129319
35 0.019696
36 -0.035783
37 0.044562
38 -0.017888
39 0.037939
40 -0.065208
41 -0.080299
42 0.023439
43 0.008566
44 0.025304
45 -0.038282
46 0.033291
47 0.058306
48 0.010416
49 0.074440
50 0.123006
51 0.107729
52 0.253004
53 0.032460
54 0.008693
55 0.009217
56 0.009836
57 0.105569
58 0.074739
59 0.003438
60 0.043297
61 -0.004263
62 0.084671
63 -0.026813
64 0.053061
65 0.061598
66 -0.105296
67 0.030463
68 0.150525
69 0.024301
70 0.120178
71 0.026283
72 0.033835
73 0.058415
74 0.042276
75 0.058705
76 0.019784
77 0.099243
78 0.116127
79 0.021331
80 0.053254
81 -0.018789
82 0.036522
83 -0.018573
84 0.149199
85 0.110695
86 0.071571
87 0.008697
88 0.080457
89 0.081053
90 0.016801
91 0.129025
92 0.010630
93 -0.029540
94 0.026572
95 0.058289
96 0.050040
97 0.097832
98 0.027755
99 -0.028481
100 0.001717
101 0.129650
102 0.033460
103 0.016863
104 0.033066
105 0.001121
106 0.024485
107 0.096526
108 0.073206
109 0.041984
110 0.034661
111 0.154642
112 -0.028483
113 0.202282
114 0.004333
115 0.020365
116 0.044285
117 0.036352
118 0.059984
119 0.052047
120 0.043663
121 0.226915
122 0.044504
123 0.060469
124 -0.002522
125 0.053331
126 0.197181
127 0.046848
128 0.174989
129 0.064166
130 0.048332
131 0.072968
132 0.073749
133 0.050650
134 0.090111
135 0.018248
136 0.041402
137 0.160599
138 0.169429
139 0.122497
140 0.043867
141 0.156456
142 0.045126
143 0.029947
144 -0.035012
145 -0.020434
146 0.154975
147 -0.013171
148 0.002953
149 0.056566
150 -0.015077
151 0.031478
152 0.119779
153 0.134608
154 0.013869
155 0.052998
156 0.188573
157 0.006763
158 0.148750
159 0.117778
160 0.006742
161 0.118902
162 0.023310
163 0.014037
164 0.133108
165 0.125639
166 -0.000468
167 0.013826
168 0.045725
169 0.140938
170 0.182417
171 0.134854
172 0.079783
173 0.000537
174 0.040104
175 0.040215
176 0.048107
177 0.064203
178 0.015941
179 0.038194
180 -0.009945
181 0.029124
182 0.100887
183 0.043659
184 0.027379
185 -0.012755
186 0.131208
187 0.013128
188 0.076979
189 0.092261
190 -0.035404
191 -0.004563
192 0.090724
193 0.019508
194 0.027086
195 0.130426
196 0.019626
197 -0.004060
198 -0.013186
199 0.097848
200 0.009815
201 0.160675
202 -0.005611
203 0.154143
204 0.027903
205 0.028667
206 0.011799
207 0.002023
208 -0.006472
209 0.039891
210 0.000643
211 0.126907
212 0.119850
213 0.023958
214 0.063201
215 0.102070
216 0.078931
217 0.150087
218 0.198762
219 0.103732
220 0.063776
221 0.152947
222 0.009761
223 0.217623
224 0.026878
225 0.001610
226 0.040758
227 0.135836
228 0.015823
229 0.007060
230 0.109868
231 0.118831
232 0.159836
233 0.024888
234 0.049280
235 0.097608
236 0.130093
237 0.011956
238 0.028288
239 0.011609
240 0.170423
241 0.035184
242 0.075145
243 0.020069
244 0.052485
245 0.004402
246 0.004427
247 0.027177
248 0.019505
249 0.026753
250 0.129979
251 0.018184
252 0.065514
253 0.057651
254 0.090923
255 -0.005072
256 0.034003
257 -0.005838
258 0.001573
259 0.017612
260 0.024130
261 -0.024631
262 0.021684
263 0.044996
264 0.155847
265 0.109270
266 -0.009299
267 0.005135
268 0.172200
269 0.004622
270 0.092219
271 0.125644
272 0.126687
273 0.064244
274 0.057783
275 0.049716
276 0.017549
277 0.049068
278 0.113496
279 0.050137
280 0.034160
281 0.035226
282 -0.004611
283 0.065769
284 0.051289
285 0.027628
286 -0.028814
287 0.049728
288 0.034490
289 0.009947
290 0.025688
291 0.097568
292 0.065043
293 0.055950
294 0.159599
295 0.120339
296 -0.013861
297 0.040897
298 0.088130
299 0.008576
300 0.111496
301 0.136119
302 0.144659
303 0.026695
304 0.106095
305 0.066147
306 0.186128
307 -0.003819
308 0.099442
309 0.107614
310 0.084901
311 -0.003303
312 0.069181
313 -0.018402
314 0.004545
315 0.044373
316 -0.003131
317 0.093310
318 -0.050487
319 0.076277
320 0.021035
321 -0.051293
322 0.034478
323 0.065142
324 0.000368
325 0.112149
326 0.007574
327 0.015638
328 0.174927
329 0.088044
330 0.033506
331 0.097945
332 0.057289
333 0.033690
334 0.041597
335 0.033601
336 -0.005478
337 0.065944
338 0.025925
339 0.017762
340 0.050862
341 0.099268
342 0.243724
343 0.052925
344 0.060229
345 0.020950
346 0.060328
347 0.036803
348 0.196865
349 -0.009995
350 0.006281
351 0.013837
352 0.093120
353 0.044948
354 0.069941
355 0.015013
356 0.086103
357 -0.073179
358 -0.002676
359 -0.003796
360 0.107455
361 0.036011
362 0.115450
363 0.059826
364 0.035811
365 0.131730
366 -0.028802
367 0.089431
368 0.058051
369 0.041353
370 0.113295
371 0.057878
372 0.153269
373 0.065982
374 0.033482
375 0.120933
376 0.153617
377 0.082243
378 -0.020199
379 0.139935
380 0.020522
381 0.043303
382 0.050583
383 0.107175
384 0.148487
385 0.038037
386 0.013620
387 0.101004
388 0.062081
389 0.070132
390 0.038957
391 -0.017638
392 0.038018
393 0.198544
394 0.143660
395 0.049180
396 -0.014965
397 0.006838
398 0.038959
399 0.038390
400 0.021997
401 0.029542
402 -0.043469
403 0.075281
404 0.051973
405 0.091730
406 0.052348
407 0.028685
408 0.028504
409 0.108060
410 -0.003584
411 0.075277
412 0.060085
413 0.116395
414 0.021488
415 0.052457
416 0.060994
417 0.028963
418 0.044326
419 0.060005
420 0.068572
421 0.044215
422 0.068060
423 0.068067
424 0.076820
425 0.133646
426 0.046642
427 -0.008938
428 0.014005
429 0.029612
430 0.021219
431 0.173356
432 0.078587
433 0.095311
434 0.071299
435 0.080192
436 0.056840
437 -0.031683
438 -0.016628
439 0.093728
440 0.118721
441 -0.023909
442 0.126396
443 0.023726
444 0.007634
445 0.071225
446 0.031128
447 0.174145
448 0.055025
449 0.054978
450 0.062817
451 0.038473
452 0.038232
453 0.060524
454 0.035956
455 0.019232
456 0.019102
457 0.034351
458 0.050094
459 0.121927
460 0.178633
461 0.067672
462 0.084686
463 0.021197
464 0.012832
465 -0.011097
466 0.020554
467 0.076394
468 0.077034
469 0.005247
470 0.029089
471 0.012077
472 0.010945
473 0.065467
474 0.034696
475 0.122416
476 0.058849
477 0.059207
478 0.059840
479 0.068481
480 0.013547
481 0.036905
482 0.158009
483 0.031777
484 0.024054
485 -0.103496
486 -0.049498
487 -0.051328
488 0.178809
489 0.044553
490 0.060567
491 -0.035046
492 0.076654
493 0.045054
494 0.004605
495 0.075663
496 0.052131
497 0.004413
498 0.035444
499 0.083371
500 0.042669
501 0.002357
502 0.033993
503 0.065906
504 -0.021948
505 0.071698
506 0.104223
507 0.024765
508 0.168938
509 0.065897
510 0.027395
511 -0.004383
512 0.034221
513 0.033622
514 0.137199
515 0.018702
516 0.002722
517 0.026257
518 0.096846
519 0.065083
520 0.097492
521 0.106180
522 0.050944
523 0.027505
524 -0.012333
525 0.098350
526 0.114903
527 0.147502
528 0.044785
529 0.037608
530 0.045666
531 0.077190
532 0.045652
533 0.045512
534 0.077538
535 -0.002249
536 0.012930
537 0.051851
538 0.116176
539 -0.018691
540 0.011977
541 0.003539
542 0.075515
543 0.052987
544 0.068596
545 -0.059247
546 -0.005050
547 0.058107
548 0.019177
549 0.121397
550 0.018242
551 0.066040
552 0.002414
553 0.089731
554 0.025747
555 0.001546
556 0.047940
557 0.176009
558 0.145716
559 -0.004642
560 0.090344
561 0.067352
562 -0.012454
563 -0.046151
564 0.048730
565 0.008482
566 0.024173
567 -0.000264
568 0.103391
569 0.087780
570 0.128409
571 0.025558
572 0.009106
573 0.009117
574 0.000901
575 0.113286
576 0.083302
577 0.123519
578 0.011794
579 0.034780
580 0.074580
581 0.011805
582 0.131532
583 0.005467
584 0.028645
585 -0.067566
586 0.019529
587 0.011152
588 -0.038578
589 0.231893
590 0.017575
591 0.071489
592 0.094990
593 0.086604
594 0.119300
595 0.064469
596 0.024728
597 0.033394
598 0.017832
599 0.058355
600 0.002730
601 0.122101
602 0.043290
603 0.139193
604 0.076219
605 -0.051535
606 0.035577
607 0.052129
608 0.085019
609 0.101226
610 0.005350
611 0.028198
612 0.051337
613 0.098743
614 0.043717
615 0.099641
616 0.028533
617 0.043748
618 0.075389
619 0.012231
620 -0.004322
621 0.034334
622 0.049043
623 0.057442
624 0.098191
625 0.178330
626 0.091329
627 0.027710
628 0.035282
629 0.115336
630 0.044014
631 0.012022
632 0.147388
633 0.060287
634 -0.011442
635 0.059767
636 0.060229
637 0.132471
638 0.093421
639 0.149846
640 0.079371
641 0.048148
642 0.000551
643 0.024287
644 0.047727
645 0.000042
646 0.086892
647 0.095496
648 0.087426
649 0.166285
650 0.048070
651 0.048336
652 0.048653
653 0.089401
654 0.033871
655 0.081385
656 0.049450
657 0.089081
658 0.073577
659 0.009919
660 0.081471
661 0.025189
662 0.144818
663 0.033198
664 0.008776
665 0.032894
666 0.031253
667 0.047017
668 -0.041948
669 0.036257
670 0.003495
671 0.099200
672 0.195032
673 0.045260
674 0.108944
675 -0.002248
676 0.116888
677 0.053843
678 0.063096
679 0.071187
680 -0.032044
681 0.039680
682 0.158667
683 0.055642
684 0.023655
685 0.054740
686 0.054379
687 0.006116
688 0.092941
689 0.005027
690 0.043725
691 0.092093
692 -0.027707
693 0.019255
694 0.002118
695 0.120707
696 0.088731
697 0.025169
698 0.023718
699 0.015889
700 0.150554
701 0.008092
702 0.079438
703 -0.017030
704 -0.018363
705 0.156363
706 0.109734
707 0.031291
708 0.095369
709 0.095778
710 -0.023005
711 0.008662
712 0.015446
713 0.053758
714 0.222535
715 -0.071160
716 0.080246
717 0.065322
718 0.066020
719 0.098299
720 0.154661
721 0.020344
722 0.036231
723 0.013041
724 0.044403
725 0.093175
726 -0.011173
727 0.036551
728 0.036921
729 0.011976
730 0.019090
731 0.011101
732 -0.037628
733 0.055909
734 0.087325
735 0.111693
736 0.103704
737 0.119625
738 0.040065
739 0.071930
740 0.032488
741 0.065054
742 0.041579
743 -0.038258
744 0.063780
745 0.176253
746 0.042041
747 -0.014391
748 0.049017
749 0.112360
750 0.032791
751 0.120246
752 0.112928
753 0.081681
754 0.003335
755 0.153391
756 0.209819
757 0.092231
758 0.036789
759 0.244989
760 0.039707
761 0.031979
762 0.111971
763 0.072767
764 0.089497
765 0.106207
766 0.059019
767 0.059257
768 0.130850
769 0.035153
770 0.043191
771 0.114325
772 0.011783
773 0.187045
774 0.076831
775 0.029517
776 0.027916
777 0.147213
778 0.020295
779 0.155911
780 0.068499
781 -0.003231
782 0.107444
783 0.059921
784 0.027825
785 0.083134
786 0.115187
787 -0.004964
788 0.098797
789 0.082243
790 0.075230
791 0.042554
792 -0.045413
793 0.072559
794 0.095442
795 0.080023
796 0.200206
797 0.057220
798 0.033636
799 0.016573
800 0.080992
801 0.026250
802 -0.037418
803 0.041653
804 -0.014188
805 0.040538
806 0.055854
807 0.047483
808 0.063055
809 0.022686
810 0.061376
811 0.109430
812 0.037574
813 0.052419
814 0.084516
815 0.108606
816 0.005221
817 -0.019581
818 0.114869
819 0.155710
820 0.077692
821 0.069936
822 -0.024812
823 -0.001822
824 0.045022
825 -0.010052
826 0.021586
827 -0.003481
828 0.043408
829 -0.020134
830 0.178990
831 0.004305
832 -0.036964
833 0.016596
834 0.102496
835 0.038775
836 0.134825
837 0.103945
838 0.047744
839 0.024267
840 0.176240
841 0.057400
842 0.050164
843 0.018283
844 0.050332
845 -0.005538
846 0.001600
847 0.023953
848 0.038971
849 0.062129
850 0.038835
851 0.061948
852 0.043734
853 0.138931
854 0.082748
855 0.027729
856 0.163022
857 0.092917
858 0.109100
859 0.045856
860 0.101613
861 0.070842
862 0.166033
863 0.070047
864 -0.000905
865 0.039032
866 0.087256
867 0.040532
868 0.048645
869 0.207787
870 0.122185
871 0.098715
872 0.090465
873 0.067561
874 0.019357
875 0.170542
876 0.019831
877 0.100272
878 0.029910
879 0.166036
880 0.031150
881 0.006702
882 0.094335
883 -0.010140
884 0.028980
885 0.060296
886 0.028117
887 -0.004161
888 0.002996
889 0.058095
890 0.105892
891 0.002810
892 0.009615
893 0.017230
894 0.064756
895 0.072849
896 0.024672
897 0.079987
898 0.016591
899 0.055399
900 -0.000461
901 0.047213
902 0.024849
903 0.056226
904 0.047671
905 0.031333
906 0.007076
907 0.022965
908 0.006326
909 0.014178
910 0.022062
911 -0.025610
912 0.012729
913 -0.011157
914 0.060307
915 0.075605
916 0.059731
917 0.019281
918 -0.061225
919 0.049385
920 0.025271
921 0.016972
922 0.015695
923 0.086664
924 0.126229
925 0.039318
926 -0.008867
927 0.094342
928 0.055374
929 0.055632
930 0.008354
931 0.024153
932 0.128250
933 0.017334
934 0.089366
935 0.017877
936 0.105852
937 0.131843
938 -0.026975
939 0.020130
940 0.011310
941 0.106886
942 0.043392
943 0.034259
944 0.050202
945 0.130146
946 0.004298
947 0.027836
948 0.028373
949 0.044116
950 0.100358
951 0.013146
952 0.132268
953 0.013022
954 0.052742
955 0.052501
956 0.085112
957 0.054301
958 0.030713
959 0.039052
960 0.071626
961 0.079727
962 0.049264
963 0.041971
964 0.009161
965 0.026070
966 -0.006308
967 -0.007271
968 0.102598
969 -0.072087
970 0.029569
971 0.012522
972 0.076187
973 0.053469
974 0.093743
975 0.037931
976 0.005850
977 0.179343
978 0.100817
979 0.069214
980 0.150206
981 -0.000401
982 0.094896
983 0.072798
984 0.057403
985 0.050597
986 0.019297
987 0.035708
988 0.107356
989 -0.003901
990 0.043742
991 -0.012839
992 -0.021657
993 0.017673
994 0.040565
995 0.048462
996 0.016404
997 0.142509
998 0.007295
999 0.015177
1000 0.023137
1001 0.046888
1002 0.278177
1003 0.080328
1004 0.072819
1005 0.056575
1006 0.040699
1007 0.016805
1008 0.008062
1009 0.023864
1010 0.136019
1011 0.024952
1012 0.120677
1013 0.063827
1014 0.088546
1015 0.001723
1016 0.032680
1017 0.103682
1018 -0.000221
1019 0.008033
1020 0.127357
1021 0.080802
1022 0.113188
1023 0.058508
1024 0.211685
1025 0.078384
1026 0.118466
1027 -0.007790
1028 0.039267
1029 -0.000309
1030 0.080059
1031 0.087519
1032 -0.015783
1033 0.014690
1034 -0.010813
1035 0.029122
1036 0.140352
1037 0.021009
1038 0.012669
1039 0.036687
1040 0.076408
1041 -0.002756
1042 0.060113
1043 0.043822
1044 0.043526
1045 0.004422
1046 0.067293
1047 -0.100291
1048 0.080994
1049 0.041415
1050 0.073407
1051 0.073402
1052 0.041151
1053 0.010023
1054 0.096447
1055 0.057196
1056 0.073881
1057 0.049950
1058 0.026133
1059 0.033567
1060 0.058147
1061 0.122695
1062 -0.011910
1063 0.042880
1064 -0.029403
1065 0.024479
1066 0.048285
1067 0.008448
1068 0.008130
1069 0.000057
1070 0.199234
1071 0.016522
1072 0.086731
1073 0.047922
1074 0.025445
1075 0.008615
1076 0.064096
1077 0.088947
1078 0.001723
1079 -0.007122
1080 0.080083
1081 0.007227
1082 0.110468
1083 0.023780
1084 0.039311
1085 0.016315
1086 0.008511
1087 0.007233
1088 0.095235
1089 0.136250
1090 -0.038699
1091 0.023631
1092 -0.040107
1093 0.101993
1094 0.029871
1095 0.053299
1096 0.053725
1097 -0.001663
1098 0.055078
1099 0.031507
1100 0.159311
1101 0.039983
1102 0.063369
1103 0.191238
1104 0.057171
1105 0.033914
1106 0.098366
1107 0.115182
1108 0.044473
1109 0.109102
1110 0.118310
1111 0.023551
1112 0.047487
1113 0.127416
1114 0.008487
1115 0.080220
1116 0.072203
1117 -0.031148
1118 0.056430
1119 0.048437
1120 0.009178
1121 0.055862
1122 0.168392
1123 0.017649
1124 0.033049
1125 0.032107
1126 0.159099
1127 0.072259
1128 0.128870
1129 0.056990
1130 0.064564
1131 -0.047344
1132 0.071315
1133 0.039158
1134 0.039322
1135 0.127217
1136 0.040519
1137 0.072186
1138 0.056092
1139 0.152449
1140 0.049838
1141 0.065479
1142 0.073441
1143 0.073840
1144 -0.005558
1145 0.057325
1146 0.018129
1147 0.080634
1148 0.024850
1149 0.008093
1150 0.023366
1151 0.118911
1152 0.111672
1153 -0.000114
1154 0.038919
1155 0.110418
1156 0.054890
1157 0.007695
1158 0.134028
1159 0.143562
1160 0.096396
1161 0.176230
1162 0.090818
1163 0.036632
1164 0.020136
1165 0.090624
1166 0.177776
1167 0.130976
1168 0.003371
1169 0.051763
1170 0.083769
1171 0.052324
1172 -0.011929
1173 -0.004640
1174 0.082527
1175 0.018351
1176 0.105356
1177 0.079861
1178 0.088103
1179 0.081169
1180 0.193152
1181 0.026815
1182 0.082289
1183 0.019104
1184 0.009950
1185 0.057502
1186 0.016898
1187 0.175666
1188 0.056863
1189 0.073897
1190 0.002272
1191 0.161036
1192 0.042563
1193 0.018674
1194 0.010359
1195 0.033877
1196 0.025134
1197 0.104149
1198 0.008544
1199 0.135869
1200 0.120378
1201 0.089238
1202 0.072666
1203 0.129108
1204 0.018272
1205 0.147179
1206 0.052782
1207 0.067082
1208 0.068210
1209 0.059219
1210 0.010531
1211 0.090332
1212 0.107294
1213 0.034834
1214 0.185934
1215 0.051237
1216 0.075467
1217 0.019571
1218 0.082391
1219 0.083477
1220 0.075325
1221 0.051169
1222 0.041816
1223 0.033499
1224 0.112709
1225 0.040941
1226 0.088183
1227 0.096216
1228 0.169127
1229 -0.013381
1230 0.026695
1231 0.073354
1232 0.001706
1233 -0.022717
1234 0.008090
1235 0.103911
1236 -0.040918
1237 0.037044
1238 0.212909
1239 0.087014
1240 0.039890
1241 0.032229
1242 0.047069
1243 -0.000677
1244 0.062683
1245 0.118048
1246 0.032132
1247 0.007700
1248 0.039275
1249 0.022791
1250 0.030685
1251 0.134420
1252 0.054980
1253 0.054677
1254 0.029947
1255 0.020486
1256 0.020794
1257 0.156549
1258 0.037795
1259 0.133989
1260 0.071040
1261 0.158955
1262 0.095171
1263 0.007872
1264 0.023091
1265 0.199789
1266 0.034547
1267 -0.021337
1268 0.025348
1269 0.000854
1270 0.032211
1271 0.119677
1272 0.015438
1273 0.085697
1274 0.036668
1275 0.060884
1276 0.012166
1277 0.114440
1278 0.250979
1279 0.045498
1280 0.101322
1281 0.109758
1282 0.031217
1283 0.046644
1284 0.078189
1285 0.110964
1286 0.064218
1287 0.072279
1288 0.008689
1289 0.103883
1290 -0.015569
1291 -0.001001
1292 -0.017708
1293 0.157137
1294 0.197094
1295 0.061980
1296 0.157591
1297 0.039267
1298 0.023575
1299 0.151518
1300 0.104630
1301 0.032785
1302 0.048675
1303 0.001635
1304 -0.007494
1305 -0.056439
1306 -0.042448
1307 0.148037
1308 0.117077
1309 0.038238
1310 0.085104
1311 0.093459
1312 0.021998
1313 0.165592
1314 0.038959
1315 -0.000628
1316 -0.007864
1317 0.111257
1318 0.159770
1319 0.017034
1320 0.016894
1321 -0.055352
1322 0.047370
1323 -0.001589
1324 0.004401
1325 0.076266
1326 0.020314
1327 0.051988
1328 0.114750
1329 0.091344
1330 0.108218
1331 0.037342
1332 0.068130
1333 0.108608
1334 0.086136
1335 -0.016901
1336 0.070061
1337 0.079130
1338 0.007933
1339 0.038823
1340 0.094336
1341 0.086555
1342 0.008062
1343 0.152163
1344 0.042200
1345 -0.006108
1346 0.024672
1347 -0.024509
1348 0.118291
1349 -0.010076
1350 0.029025
1351 0.029236
1352 0.116353
1353 0.107805
1354 0.027566
1355 0.097921
1356 0.090247
1357 0.058669
1358 -0.005403
1359 0.066413
1360 -0.022012
1361 0.120820
1362 0.201274
1363 0.091368
1364 0.036544
1365 0.028153
1366 0.045381
1367 0.005238
1368 0.060881
1369 0.004114
1370 0.011684
1371 0.076257
1372 0.075228
1373 0.012360
1374 0.053000
1375 0.045735
1376 0.005126
1377 -0.003975
1378 -0.012008
1379 0.002536
1380 0.145671
1381 0.010932
1382 0.066642
1383 0.187221
1384 0.052830
1385 0.004374
1386 0.044958
1387 -0.018531
1388 0.028109
1389 -0.020912
1390 0.018244
1391 0.050424
1392 0.074868
1393 0.035052
1394 -0.013736
1395 0.097460
1396 -0.014331
1397 0.048325
1398 0.000374
1399 0.047094
1400 0.119435
1401 -0.030975
1402 -0.000404
1403 0.133865
1404 0.047231
1405 0.111327
1406 0.039751
1407 0.143339
1408 -0.000277
1409 0.055478
1410 0.063787
1411 -0.008020
1412 0.015416
1413 0.038728
1414 -0.024433
1415 0.063772
1416 -0.054649
1417 -0.000737
1418 0.062676
1419 0.022573
1420 0.062615
1421 0.061773
1422 0.078705
1423 0.007787
1424 0.054759
1425 0.094679
1426 0.008217
1427 0.023630
1428 0.078463
1429 0.078921
1430 0.071309
1431 0.023628
1432 -0.024769
1433 0.047252
1434 0.008488
1435 0.024868
1436 0.105190
1437 0.058610
1438 0.012184
1439 0.021139
1440 0.070109
