1440
0 0.000000
1 0.064435
2 0.051276
3 -0.138181
4 -0.048932
5 -0.102996
6 0.018332
7 0.052761
8 -0.048524
9 -0.014588
10 0.043611
11 -0.065995
12 -0.064402
13 0.001482
14 0.035831
15 -0.065802
16 -0.040168
17 -0.053980
18 0.188104
19 -0.040092
20 0.113729
21 0.012780
22 0.014395
23 -0.071411
24 -0.022166
25 0.083418
26 0.166179
27 0.048888
28 0.083114
29 0.109939
30 -0.096019
31 -0.039298
32 0.129632
33 0.020501
34 0.166526
35 0.065630
36 -0.004884
37 0.011731
38 0.068694
39 0.023073
40 -0.048011
41 0.112972
42 -0.036783
43 0.107566
44 -0.034478
45 0.046463
46 0.087984
47 0.041533
48 0.042509
49 0.036808
50 0.013893
51 -0.008913
52 0.039085
53 -0.007670
54 -0.007053
55 0.064443
56 0.145493
57 0.083175
58 0.028007
59 0.052662
60 0.045882
61 -0.001323
62 0.006793
63 0.055335
64 0.144160
65 -0.014231
66 0.106301
67 0.059239
68 0.076821
69 -0.050774
70 0.029185
71 0.093081
72 0.006316
73 0.045745
74 0.150491
75 -0.031061
76 0.072964
77 0.153992
78 0.043599
79 0.092250
80 0.133861
81 0.046953
82 0.031936
83 0.144566
84 0.121294
85 0.074757
86 0.146355
87 0.075712
88 0.052598
89 0.052740
90 -0.034540
91 0.149440
92 0.039310
93 0.096327
94 0.169206
95 0.105893
96 0.106905
97 0.090989
98 0.036397
99 0.172705
100 0.061269
101 0.132764
102 0.013750
103 0.166490
104 0.056313
105 -0.022543
106 0.176928
107 0.050025
108 0.049953
109 0.090721
110 0.107665
111 0.067818
112 0.084917
113 0.021385
114 0.101116
115 0.117902
116 0.095330
117 0.064198
118 0.144520
119 0.090694
120 0.171583
121 0.172895
122 0.086127
123 0.038703
124 0.118767
125 -0.032655
126 0.069275
127 0.126087
128 0.102643
129 0.167966
130 0.080467
131 0.144921
132 0.144575
133 0.216052
134 0.105226
135 0.137537
136 0.153686
137 0.226262
138 0.124173
139 0.004659
140 0.188259
141 0.101188
142 0.149659
143 0.166333
144 0.142916
145 0.079787
146 0.127446
147 0.103102
148 0.143768
149 0.088447
150 0.080556
151 0.168582
152 0.152860
153 0.089378
154 0.072478
155 0.008397
156 0.151527
157 0.072955
158 0.153807
159 0.043310
160 0.131699
161 0.052060
162 0.068361
163 0.052736
164 0.019701
165 0.098332
166 0.058281
167 0.081091
168 0.168974
169 0.097741
170 0.050724
171 0.194614
172 0.146446
173 0.130125
174 0.067352
175 0.122789
176 0.107979
177 0.204058
178 0.067988
179 0.188178
180 0.149292
181 0.069973
182 0.174059
183 0.095456
184 0.159379
185 0.063159
186 0.111015
187 0.143445
188 0.056486
189 0.096228
190 0.145301
191 0.113050
192 0.130009
193 0.105599
194 0.057556
195 0.176310
196 0.136732
197 0.121333
198 0.065316
199 0.033572
200 0.176271
201 0.073554
202 0.113660
203 0.138737
204 0.131411
205 0.123836
206 0.100740
207 0.156691
208 0.029633
209 0.043928
210 0.172643
211 0.069115
212 0.148142
213 0.132109
214 0.084301
215 0.116406
216 0.132228
217 0.116369
218 0.109002
219 0.124325
220 0.044020
221 0.107816
222 0.179721
223 0.101118
224 0.245740
225 0.087429
226 0.151936
227 0.071875
228 0.071630
229 0.127788
230 0.231750
231 0.073426
232 0.056015
233 0.112802
234 0.161751
235 0.130646
236 0.082613
237 0.089832
238 0.144946
239 0.017586
240 0.089012
241 0.088601
242 0.032872
243 0.064231
244 0.047645
245 0.055116
246 0.071039
247 0.038742
248 0.077919
249 0.053933
250 0.045855
251 0.116622
252 0.068406
253 0.164291
254 0.141413
255 0.006062
256 0.125226
257 0.013097
258 0.051918
259 0.107596
260 0.099985
261 0.059342
262 0.146778
263 0.122380
264 0.153326
265 0.105846
266 0.073775
267 0.129830
268 0.161537
269 0.105963
270 0.144620
271 0.081886
272 -0.029467
273 0.232203
274 0.072279
275 0.128574
276 0.185134
277 0.082427
278 0.138247
279 0.114270
280 0.153457
281 0.121522
282 0.154418
283 0.074606
284 0.010169
285 0.185372
286 0.194216
287 0.139140
288 0.083734
289 0.082461
290 0.075407
291 0.059628
292 0.116008
293 0.148063
294 0.061055
295 0.164644
296 0.125931
297 0.037294
298 0.068699
299 0.244821
300 0.070133
301 0.108930
302 0.100520
303 0.076188
304 0.100036
305 0.084066
306 0.108118
307 0.164415
308 0.109251
309 0.101081
310 0.131725
311 0.139797
312 0.100413
313 0.083687
314 0.092031
315 0.044292
316 0.116793
317 0.060529
318 0.084105
319 0.100073
320 0.004511
321 0.099740
322 0.195744
323 0.099080
324 0.066636
325 0.209435
326 0.130352
327 0.035295
328 0.091499
329 0.042243
330 0.010571
331 0.018447
332 0.177443
333 0.097229
334 0.225359
335 0.122271
336 0.074031
337 0.241665
338 0.066590
339 0.105836
340 0.218168
341 0.115229
342 -0.028203
343 0.170948
344 0.059709
345 0.107687
346 0.131498
347 0.163629
348 0.100285
349 0.100464
350 0.061353
351 0.116720
352 0.085513
353 0.109860
354 0.077997
355 0.157905
356 0.069386
357 0.069108
358 0.037070
359 0.093150
360 0.029550
361 0.141113
362 0.069341
363 0.180581
364 0.076225
365 0.147857
366 0.077542
367 0.157320
368 0.172984
369 0.125625
370 0.134566
371 0.062676
372 0.069734
373 0.117617
374 0.149439
375 0.102482
376 0.094289
377 0.126334
378 0.158606
379 0.054730
380 0.166846
381 0.095133
382 0.135484
383 0.158454
384 0.078682
385 0.150166
386 0.166917
387 0.054960
388 0.198140
389 0.071312
390 0.182590
391 0.087590
392 0.175224
393 0.104321
394 0.136203
395 0.120000
396 0.137527
397 0.105388
398 0.082228
399 0.098459
400 0.089141
401 0.032133
402 0.047536
403 0.174833
404 0.039962
405 0.071011
406 0.166092
407 0.023482
408 0.110656
409 0.070777
410 0.079307
411 0.055360
412 0.118945
413 0.070962
414 0.079059
415 0.111407
416 -0.000503
417 0.062859
418 0.102066
419 0.093419
420 0.132606
421 0.085356
422 0.181146
423 0.110728
424 0.151016
425 0.071403
426 0.101987
427 0.118000
428 0.061323
429 0.124793
430 0.004538
431 0.067412
432 0.114917
433 0.122935
434 0.114927
435 0.210761
436 0.163855
437 0.156398
438 0.108456
439 0.148664
440 0.125875
441 0.070074
442 0.149703
443 0.103135
444 0.150928
445 0.023100
446 0.142277
447 0.118962
448 0.182961
449 0.136823
450 0.081192
451 0.057775
452 0.033102
453 0.071834
454 0.118873
455 0.135211
456 0.096507
457 0.129174
458 0.089020
459 0.056102
460 0.159600
461 0.047510
462 0.055140
463 0.118564
464 0.118116
465 0.086860
466 0.126804
467 0.062301
468 0.030393
469 0.150505
470 0.079548
471 0.190947
472 0.198989
473 0.040233
474 0.087375
475 0.088123
476 0.143869
477 0.047490
478 0.095163
479 0.110649
480 0.173942
481 0.221962
482 0.198902
483 0.151211
484 0.095523
485 0.119349
486 0.200427
487 0.097128
488 0.128863
489 0.145578
490 0.154821
491 0.115345
492 0.124103
493 0.213040
494 0.102162
495 0.116994
496 0.164088
497 0.181021
498 0.157213
499 0.181568
500 0.141707
501 0.125234
502 0.076963
503 0.133135
504 0.133528
505 0.069623
506 0.133551
507 0.085752
508 0.110512
509 0.078788
510 0.046652
511 0.181691
512 0.197515
513 0.149341
514 0.085268
515 0.116615
516 0.067757
517 0.067793
518 0.115663
519 0.067499
520 0.179814
521 0.099960
522 0.196026
523 0.036003
524 0.115106
525 0.098227
526 0.074077
527 0.136832
528 0.136802
529 0.105785
530 0.058423
531 0.088786
532 0.064540
533 0.048498
534 -0.024081
535 0.118163
536 0.038071
537 0.045329
538 0.084321
539 0.148040
540 0.077084
541 0.165710
542 0.038236
543 0.196809
544 0.030121
545 0.117592
546 0.142240
547 0.127304
548 0.152312
549 0.111500
550 0.167142
551 0.184234
552 0.144956
553 0.128223
554 0.048274
555 0.111079
556 0.119336
557 0.015661
558 0.079047
559 0.174653
560 0.095216
561 0.127733
562 0.095431
563 0.199495
564 0.135671
565 0.143432
566 0.063476
567 0.094906
568 0.174175
569 0.111463
570 0.151627
571 0.200062
572 0.185108
573 0.065797
574 0.121436
575 0.056812
576 0.183841
577 0.136070
578 0.087598
579 0.095458
580 0.088105
581 0.184200
582 0.073259
583 0.113004
584 0.072318
585 0.055652
586 0.135030
587 0.135368
588 0.080175
589 0.032047
590 0.038958
591 0.167164
592 0.087193
593 0.135308
594 0.047229
595 0.238909
596 0.105136
597 0.112734
598 0.217241
599 0.162689
600 0.082871
601 0.114925
602 0.075839
603 0.180349
604 0.181376
605 0.115977
606 0.067264
607 0.107301
608 0.012189
609 0.202864
610 0.131110
611 0.107781
612 0.132259
613 0.124298
614 0.227435
615 0.124921
616 0.092907
617 0.179917
618 0.116135
619 0.058853
620 0.106566
621 0.162483
622 0.139224
623 0.123991
624 0.164141
625 0.076877
626 0.180832
627 0.045134
628 0.228701
629 0.133579
630 0.069649
631 0.093023
632 0.148000
633 0.116309
634 0.108975
635 0.060793
636 0.107900
637 0.116407
638 0.061204
639 0.100713
640 0.132178
641 0.171576
642 0.091339
643 0.138839
644 0.179230
645 0.051601
646 0.083205
647 0.074338
648 0.114226
649 0.114107
650 0.161991
651 0.075787
652 0.219262
653 0.124650
654 0.108995
655 0.214393
656 0.095504
657 0.167362
658 0.159305
659 0.183547
660 0.207690
661 0.137260
662 0.201169
663 0.137461
664 0.217063
665 0.033697
666 0.096733
667 0.136369
668 0.121021
669 0.161263
670 0.161895
671 0.105902
672 0.184664
673 0.201210
674 0.056496
675 0.079923
676 0.143673
677 0.127072
678 0.038891
679 0.109464
680 0.149207
681 0.277840
682 0.151333
683 0.079712
684 0.055434
685 0.158984
686 0.063185
687 0.118928
688 0.063679
689 0.127021
690 0.199908
691 0.161915
692 0.138021
693 0.073781
694 0.105887
695 0.177761
696 0.114008
697 0.113178
698 0.074605
699 0.234153
700 0.131193
701 0.194104
702 0.082290
703 0.161257
704 0.074190
705 0.152373
706 0.120940
707 0.168071
708 0.104169
709 0.224045
710 0.128130
711 0.144323
712 0.040222
713 0.151007
714 0.088093
715 0.103553
716 0.215282
717 0.072532
718 0.095407
719 0.102812
720 0.109861
721 0.118011
722 0.069708
723 0.133646
724 0.086114
725 0.165865
726 0.166094
727 0.061854
728 0.157653
729 -0.009617
730 0.149073
731 0.092773
732 0.139599
733 0.043258
734 0.146536
735 0.139013
736 0.042432
737 0.194242
738 0.153973
739 0.042385
740 0.185577
741 0.091423
742 0.106860
743 0.218730
744 0.043630
745 0.066593
746 0.099092
747 0.114996
748 0.099170
749 0.130756
750 0.027285
751 0.034950
752 0.058315
753 0.184886
754 0.082283
755 0.065324
756 0.072468
757 0.032485
758 0.160439
759 0.152647
760 0.097316
761 0.025589
762 0.064572
763 0.151843
764 0.039387
765 0.102243
766 0.038532
767 0.165888
768 0.046740
769 0.118650
770 0.110909
771 0.150789
772 0.143769
773 0.144713
774 0.103653
775 0.071050
776 0.118252
777 0.166328
778 0.110682
779 0.102343
780 0.054332
781 0.069713
782 0.020919
783 0.099735
784 0.058931
785 0.123355
786 0.187492
787 0.060132
788 0.019707
789 0.090160
790 0.074196
791 0.105860
792 0.065483
793 0.113839
794 0.074245
795 0.170703
796 0.179597
797 0.188893
798 0.173590
799 0.181428
800 0.167104
801 0.136199
802 0.137103
803 0.056747
804 0.120832
805 0.088668
806 0.056496
807 0.047931
808 0.111630
809 0.095632
810 0.110612
811 0.054347
812 0.109567
813 0.118523
814 0.030159
815 0.100976
816 0.149013
817 0.005113
818 0.099663
819 0.091342
820 0.115071
821 0.123241
822 0.075328
823 0.177941
824 0.066434
825 0.098018
826 0.090807
827 0.186790
828 0.052244
829 0.099666
830 0.043238
831 0.035029
832 0.051308
833 0.075260
834 0.218859
835 0.132748
836 0.124332
837 0.156971
838 0.108208
839 0.035989
840 0.083793
841 0.067838
842 0.163645
843 0.084075
844 0.108282
845 0.131754
846 0.187621
847 0.132117
848 0.164578
849 0.091849
850 0.035082
851 0.170876
852 0.139430
853 0.100389
854 0.148458
855 0.052988
856 0.139754
857 0.100611
858 0.036586
859 0.123991
860 0.148598
861 0.068906
862 0.115929
863 0.147430
864 0.147688
865 0.147521
866 0.067980
867 0.091500
868 0.138965
869 0.194940
870 0.051771
871 0.075689
872 0.035993
873 0.108117
874 0.140050
875 0.092786
876 -0.003028
877 0.043425
878 0.091017
879 0.100092
880 0.092416
881 0.084373
882 0.043251
883 0.066643
884 0.058331
885 0.138011
886 0.051126
887 0.154791
888 0.092248
889 0.108268
890 0.036476
891 0.123582
892 0.147581
893 0.099855
894 0.188332
895 0.084914
896 0.083634
897 0.108259
898 0.052144
899 0.155295
900 0.132028
901 0.036081
902 0.252207
903 0.157571
904 0.151633
905 0.095637
906 0.167355
907 0.135426
908 0.095781
909 0.111695
910 0.072215
911 0.159944
912 0.176492
913 0.113219
914 0.080698
915 0.088313
916 0.103881
917 0.087608
918 0.174708
919 0.087615
920 0.126943
921 0.167142
922 0.142835
923 0.143126
924 0.087792
925 0.015809
926 0.103791
927 0.087620
928 0.175302
929 0.136078
930 0.160309
931 0.129798
932 0.089856
933 0.105743
934 0.098316
935 0.097878
936 0.009575
937 0.121220
938 0.009306
939 0.240416
940 0.136966
941 0.121234
942 0.105638
943 0.080323
944 0.072766
945 0.112794
946 0.152356
947 0.063924
948 0.046755
949 0.029544
950 0.052029
951 0.075919
952 0.075829
953 0.210965
954 0.067267
955 0.217983
956 0.171546
957 0.076145
958 0.099496
959 0.163009
960 0.075726
961 0.132040
962 0.068893
963 0.012837
964 0.075913
965 0.203057
966 0.148811
967 0.116974
968 0.093536
969 0.133014
970 0.117120
971 0.085443
972 0.141975
973 0.166208
974 0.102420
975 0.031434
976 0.134856
977 0.118964
978 0.086378
979 0.149738
980 0.214474
981 0.054916
982 0.094592
983 0.182192
984 0.079460
985 0.104138
986 0.119390
987 0.063684
988 0.095828
989 0.120673
990 0.080594
991 0.064202
992 0.104274
993 0.152843
994 0.057423
995 0.080514
996 0.119966
997 0.176394
998 0.184386
999 0.169197
1000 0.121714
1001 0.049594
1002 0.080473
1003 0.096194
1004 0.055412
1005 0.175241
1006 0.119972
1007 -0.007443
1008 0.087039
1009 0.167075
1010 0.127637
1011 0.008500
1012 0.192549
1013 0.081943
1014 0.089097
1015 0.063877
1016 0.063856
1017 0.087627
1018 0.063598
1019 0.151353
1020 0.143406
1021 0.094716
1022 0.118761
1023 0.159848
1024 0.112698
1025 0.208483
1026 0.017787
1027 0.033182
1028 0.064265
1029 0.127817
1030 0.111785
1031 0.096232
1032 0.008054
1033 0.119233
1034 0.167263
1035 0.103769
1036 0.022995
1037 0.086806
1038 0.087263
1039 0.127837
1040 0.063568
1041 0.103290
1042 0.094868
1043 0.165820
1044 0.111345
1045 0.095531
1046 0.087376
1047 0.103284
1048 0.150751
1049 0.166721
1050 0.103535
1051 0.143087
1052 0.096236
1053 0.135765
1054 0.070983
1055 0.142248
1056 0.237798
1057 0.031683
1058 0.063213
1059 0.054889
1060 0.086233
1061 0.126805
1062 0.134976
1063 0.086940
1064 0.103129
1065 0.118842
1066 0.078849
1067 0.157789
1068 0.117121
1069 0.101577
1070 0.140285
1071 0.189194
1072 0.102272
1073 0.086126
1074 0.125973
1075 0.094513
1076 0.150825
1077 0.150602
1078 0.047072
1079 0.086457
1080 0.191070
1081 0.166896
1082 0.182783
1083 0.080079
1084 0.071770
1085 0.159551
1086 0.112495
1087 0.153071
1088 0.257707
1089 0.082906
1090 0.058407
1091 0.129512
1092 0.138032
1093 0.194777
1094 0.033834
1095 0.104025
1096 0.144045
1097 0.144501
1098 0.072654
1099 0.112196
1100 0.095918
1101 0.064366
1102 -0.007572
1103 0.127707
1104 0.111399
1105 0.120205
1106 0.176005
1107 0.121393
1108 0.025085
1109 0.136772
1110 0.064978
1111 0.128009
1112 0.137345
1113 0.098047
1114 0.170168
1115 0.066116
1116 0.136268
1117 0.143989
1118 0.128113
1119 0.160885
1120 0.161181
1121 0.154167
1122 0.138407
1123 0.162680
1124 0.115136
1125 0.210775
1126 0.164011
1127 0.124555
1128 0.115946
1129 0.116203
1130 0.075881
1131 0.139117
1132 0.107446
1133 0.179306
1134 0.092572
1135 0.156872
1136 0.142079
1137 0.118329
1138 0.078177
1139 0.086125
1140 0.109205
1141 0.101079
1142 0.060521
1143 0.147169
1144 0.116358
1145 0.068230
1146 0.108035
1147 0.115875
1148 0.107303
1149 0.051792
1150 0.147581
1151 0.123824
1152 0.148335
1153 0.004431
1154 0.138916
1155 0.035024
1156 0.042417
1157 0.136933
1158 0.033275
1159 0.072328
1160 0.160231
1161 0.129128
1162 0.025983
1163 0.049462
1164 0.089068
1165 0.081181
1166 0.112665
1167 0.193052
1168 0.104858
1169 0.144056
1170 0.151921
1171 0.032940
1172 0.160804
1173 0.153235
1174 0.137249
1175 0.129726
1176 0.177521
1177 0.026551
1178 0.137747
1179 0.153534
1180 0.057909
1181 0.184263
1182 0.151964
1183 0.200428
1184 0.193894
1185 0.082635
1186 0.178572
1187 0.042860
1188 0.097865
1189 0.073172
1190 0.088961
1191 0.088453
1192 0.104506
1193 0.072023
1194 0.072406
1195 0.088110
1196 0.064659
1197 0.191676
1198 0.081175
1199 0.081319
1200 0.058143
1201 0.033370
1202 0.121422
1203 0.129374
1204 0.096506
1205 0.160249
1206 0.095670
1207 0.159248
1208 0.232255
1209 0.017073
1210 0.087705
1211 0.104227
1212 0.080127
1213 0.127389
1214 0.055744
1215 0.070905
1216 0.150647
1217 0.054793
1218 0.205647
1219 0.142352
1220 0.070077
1221 0.181784
1222 0.158252
1223 0.135431
1224 0.039979
1225 0.015841
1226 0.062185
1227 0.118247
1228 0.109848
1229 0.110037
1230 0.110852
1231 0.159171
1232 0.088098
1233 0.111922
1234 0.104098
1235 0.112699
1236 0.080021
1237 0.088590
1238 0.073127
1239 0.129317
1240 0.010274
1241 0.146287
1242 0.075118
1243 0.107203
1244 0.107681
1245 0.114710
1246 0.163591
1247 0.172671
1248 0.028706
1249 0.052502
1250 0.044205
1251 0.092513
1252 0.108896
1253 0.148628
1254 0.131422
1255 0.115975
1256 0.124661
1257 0.116439
1258 0.092338
1259 0.059789
1260 0.122576
1261 0.186540
1262 0.139927
1263 0.114818
1264 0.147490
1265 0.211384
1266 0.117040
1267 0.188080
1268 0.164878
1269 0.045624
1270 0.125012
1271 0.123855
1272 0.084072
1273 0.139286
1274 0.178847
1275 0.097989
1276 0.113534
1277 0.136455
1278 0.184167
1279 0.088273
1280 0.177233
1281 0.153463
1282 0.161979
1283 0.178561
1284 0.091023
1285 0.114169
1286 0.073838
1287 0.056871
1288 0.120491
1289 0.072050
1290 0.119771
1291 0.104717
1292 0.136062
1293 0.176540
1294 0.095656
1295 0.135428
1296 0.240830
1297 0.139144
1298 0.115903
1299 0.100097
1300 0.172112
1301 0.116193
1302 0.076663
1303 0.124478
1304 0.045388
1305 0.085157
1306 0.092592
1307 0.100805
1308 0.028266
1309 0.140075
1310 0.148138
1311 0.092285
1312 0.092568
1313 0.124286
1314 0.027299
1315 0.096967
1316 0.113687
1317 0.113464
1318 0.008537
1319 0.247403
1320 0.080816
1321 0.200631
1322 0.153559
1323 0.138486
1324 0.051690
1325 0.090568
1326 0.130028
1327 0.154981
1328 0.090468
1329 0.002615
1330 0.129450
1331 0.073697
1332 0.066154
1333 0.258598
1334 0.028005
1335 0.123212
1336 0.124088
1337 0.052924
1338 0.068993
1339 0.107798
1340 0.195046
1341 0.051520
1342 0.075606
1343 0.154958
1344 0.107444
1345 0.099083
1346 0.139317
1347 0.114824
1348 0.162431
1349 0.115112
1350 0.098921
1351 0.066399
1352 0.089859
1353 0.090338
1354 0.066049
1355 0.049555
1356 0.056456
1357 0.143596
1358 0.080575
1359 0.160455
1360 0.064784
1361 0.049252
1362 0.049393
1363 0.144603
1364 0.121206
1365 0.129107
1366 0.144988
1367 0.161430
1368 0.114181
1369 0.193933
1370 0.098544
1371 0.203171
1372 0.034932
1373 0.105634
1374 0.153819
1375 0.211255
1376 0.139738
1377 0.132295
1378 0.196837
1379 0.125774
1380 0.149992
1381 0.159046
1382 0.110849
1383 0.126991
1384 0.111413
1385 0.176176
1386 0.041178
1387 0.096152
1388 0.072193
1389 0.127805
1390 0.112001
1391 0.158440
1392 0.103114
1393 0.062557
1394 0.085941
1395 0.142050
1396 0.214442
1397 0.079651
1398 0.151579
1399 0.111849
1400 0.103800
1401 0.215535
1402 0.073287
1403 0.104658
1404 0.144444
1405 0.081030
1406 0.240718
1407 0.154314
1408 0.074537
1409 0.138199
1410 0.121935
1411 0.153755
1412 0.177516
1413 0.145938
1414 0.074158
1415 0.154521
1416 0.178093
1417 0.106309
1418 0.137463
1419 0.073827
1420 0.040765
1421 0.192241
1422 0.113683
1423 0.129092
1424 0.129363
1425 0.121946
1426 0.130242
1427 0.147033
1428 0.188243
1429 0.083916
1430 0.123271
1431 0.147656
1432 0.243980
1433 0.173577
1434 0.254713
1435 0.064152
1436 0.160717
1437 0.121404
1438 0.114991
1439 0.052188
1440 0.261448
