1440
0 0.000000
1 -0.126150
2 -0.126150
3 -0.126150
4 -0.126150
5 0.673850
6 -0.123643
7 -0.123643
8 -0.123643
9 -0.123643
10 -0.123643
11 -0.123643
12 -0.123643
13 0.676357
14 -0.121110
15 -0.121110
16 -0.121110
17 -0.121110
18 -0.121110
19 -0.121110
20 -0.121110
21 0.678890
22 -0.118577
23 0.681423
24 -0.117324
25 0.282676
26 -0.116071
27 -0.116071
28 -0.116071
29 -0.117550
30 -0.117550
31 -0.117550
32 -0.117550
33 -0.118099
34 -0.118099
35 -0.118583
36 -0.118583
37 1.080474
38 -0.117943
39 -0.117943
40 -0.117943
41 -0.117943
42 -0.119422
43 -0.119422
44 -0.119422
45 0.679786
46 -0.118630
47 -0.119755
48 0.679121
49 -0.118609
50 -0.118609
51 -0.118609
52 -0.118609
53 -0.118609
54 -0.118609
55 -0.118609
56 -0.118609
57 -0.118609
58 -0.118609
59 -0.118609
60 -0.118609
61 -0.118609
62 -0.118609
63 0.679808
64 -0.117659
65 -0.117659
66 -0.117659
67 -0.117659
68 -0.118451
69 -0.119930
70 -0.119930
71 0.280070
72 -0.119380
73 1.079403
74 -0.117147
75 -0.117548
76 -0.117548
77 -0.117548
78 0.682452
79 -0.115299
80 -0.115299
81 -0.115299
82 0.683485
83 -0.114932
84 -0.114932
85 -0.115332
86 0.684668
87 0.288127
88 0.288611
89 0.690090
90 -0.106450
91 -0.106450
92 1.493550
93 0.697700
94 -0.099768
95 -0.099768
96 0.700232
97 -0.097235
98 -0.097235
99 -0.098714
100 -0.098714
101 -0.098714
102 0.698445
103 -0.099122
104 -0.099122
105 0.700878
106 0.702399
107 0.704129
108 0.706337
109 0.708869
110 -0.088828
111 -0.088828
112 -0.088828
113 -0.088828
114 -0.089620
115 -0.089620
116 -0.089620
117 0.710380
118 -0.089211
119 -0.090428
120 -0.090428
121 -0.093173
122 -0.093922
123 -0.097060
124 -0.098185
125 0.699237
126 -0.098798
127 -0.099198
128 -0.099198
129 -0.101408
130 -0.101408
131 -0.101612
132 -0.103091
133 0.295004
134 -0.104537
135 -0.104537
136 -0.104537
137 0.692841
138 -0.106751
139 0.293249
140 -0.106002
141 -0.106002
142 -0.107731
143 -0.108856
144 -0.108856
145 0.691144
146 0.693031
147 0.295563
148 -0.102707
149 -0.103256
150 -0.103256
151 0.296744
152 -0.101777
153 -0.101777
154 -0.101777
155 -0.101777
156 0.698223
157 -0.098318
158 0.301682
159 -0.099365
160 -0.100632
161 1.099368
162 0.701155
163 1.102738
164 -0.095924
165 -0.096867
166 0.703133
167 -0.094360
168 -0.094360
169 -0.094565
170 0.704886
171 -0.092581
172 -0.092581
173 -0.092581
174 -0.093847
175 1.103206
176 0.703889
177 0.706421
178 -0.091962
179 0.708038
180 -0.091185
181 -0.091185
182 -0.091185
183 -0.093916
184 -0.093916
185 -0.093916
186 -0.093916
187 -0.095132
188 0.699038
189 -0.099682
190 0.699064
191 -0.098978
192 0.699524
193 -0.100017
194 0.699983
195 -0.097811
196 -0.097811
197 0.699671
198 -0.097823
199 -0.099039
200 -0.099039
201 -0.099039
202 -0.099039
203 -0.100292
204 0.299708
205 -0.099076
206 0.699194
207 0.700928
208 -0.099946
209 -0.099946
210 -0.100840
211 -0.100840
212 1.099160
213 1.498210
214 0.701534
215 -0.096883
216 -0.096883
217 -0.096883
218 0.703117
219 -0.095632
220 -0.097362
221 -0.099327
222 -0.099327
223 -0.099327
224 -0.099327
225 1.499194
226 -0.095345
227 -0.095345
228 -0.096238
229 -0.097454
230 -0.097454
231 1.499364
232 0.701454
233 1.500878
234 -0.093776
235 -0.093776
236 0.706224
237 0.708657
238 -0.089378
239 -0.091573
240 -0.091573
241 -0.093807
242 -0.094556
243 -0.094556
244 -0.095823
245 -0.095823
246 0.704177
247 -0.093290
248 -0.093290
249 -0.095126
250 -0.096605
251 -0.098335
252 0.699935
253 0.702368
254 -0.095199
255 -0.095199
256 0.303217
257 -0.098262
258 1.101738
259 0.702523
260 0.701947
261 1.105006
262 -0.091777
263 -0.093430
264 -0.095432
265 1.504568
266 -0.093480
267 -0.093480
268 1.105304
269 -0.091831
270 -0.091831
271 -0.091831
272 -0.091831
273 -0.093083
274 0.706917
275 0.709166
276 -0.089122
277 0.709149
278 0.711419
279 -0.087575
280 -0.087575
281 0.712425
282 -0.085305
283 -0.085305
284 -0.087464
285 -0.088357
286 -0.091311
287 1.505958
288 -0.090047
289 -0.090047
290 -0.090047
291 1.109162
292 -0.088550
293 -0.091533
294 -0.092786
295 -0.095293
296 -0.096509
297 -0.096509
298 -0.096509
299 -0.096509
300 -0.096509
301 -0.098525
302 -0.099418
303 -0.100210
304 -0.100210
305 -0.100759
306 -0.101975
307 0.696808
308 -0.101916
309 0.698084
310 -0.099409
311 -0.099409
312 -0.099409
313 -0.100625
314 -0.101750
315 0.697126
316 -0.101836
317 0.697415
318 0.699380
319 -0.100264
320 -0.100264
321 -0.103247
322 -0.103247
323 0.696753
324 -0.100744
325 -0.101960
326 -0.101960
327 -0.101960
328 0.698040
329 0.700547
330 -0.097667
331 -0.097667
332 -0.097667
333 0.701584
334 -0.094956
335 -0.096208
336 0.701324
337 -0.096143
338 0.703857
339 -0.093900
340 0.706100
341 -0.093066
342 -0.093066
343 -0.095599
344 -0.096542
345 -0.099021
346 0.700979
347 -0.096598
348 -0.096598
349 1.102185
350 -0.097733
351 -0.097733
352 1.099749
353 -0.098250
354 -0.098250
355 -0.100529
356 0.699471
357 0.701977
358 0.703707
359 -0.093788
360 1.506212
361 -0.090557
362 -0.090557
363 -0.092036
364 -0.093252
365 0.703686
366 1.506643
367 0.309952
368 -0.089299
369 -0.090551
370 -0.090551
371 0.709449
372 -0.089053
373 -0.089053
374 -0.089802
375 -0.091056
376 0.708944
377 0.711193
378 -0.086374
379 0.711193
380 0.712980
381 -0.083560
382 -0.083560
383 1.516440
384 0.720255
385 -0.079287
386 -0.080503
387 1.516703
388 -0.078521
389 -0.080071
390 -0.081872
391 -0.081872
392 -0.081872
393 1.518128
394 -0.080570
395 -0.080570
396 1.119430
397 -0.079867
398 0.718367
399 -0.080050
400 -0.080050
401 0.717444
402 -0.083506
403 -0.083506
404 1.115702
405 0.714488
406 -0.084014
407 0.713453
408 -0.084014
409 0.714507
410 -0.085493
411 -0.086386
412 0.713614
413 0.713648
414 -0.086584
415 -0.086584
416 0.713416
417 0.713783
418 -0.083711
419 0.716289
420 -0.082689
421 -0.082689
422 -0.084331
423 0.715669
424 -0.083641
425 -0.084765
426 -0.086244
427 -0.090478
428 -0.092946
429 -0.094676
430 1.505324
431 -0.093072
432 -0.093965
433 -0.094449
434 0.705347
435 -0.092150
436 0.707850
437 -0.090560
438 -0.091503
439 -0.091503
440 -0.091503
441 -0.093186
442 -0.094453
443 0.703206
444 -0.096820
445 -0.098072
446 -0.099612
447 -0.101348
448 -0.101348
449 -0.102615
450 1.096134
451 -0.103382
452 0.696618
453 -0.099923
454 0.700077
455 -0.098775
456 0.701225
457 -0.097594
458 -0.099324
459 0.698149
460 -0.099818
461 -0.099818
462 0.698928
463 0.699720
464 0.700688
465 -0.096805
466 -0.098535
467 -0.099955
468 -0.099955
469 -0.102150
470 0.697850
471 -0.100364
472 0.699636
473 1.502140
474 0.708581
475 0.708948
476 1.509931
477 0.714321
478 -0.083173
479 0.716827
480 -0.080640
481 -0.080640
482 1.119360
483 -0.078966
484 -0.080696
485 0.717825
486 -0.082152
487 0.314902
488 0.716168
489 -0.083596
490 -0.083596
491 -0.083596
492 -0.084388
493 -0.085512
494 1.114488
495 -0.082946
496 -0.086592
497 -0.088787
498 -0.090623
499 -0.093919
500 -0.095884
501 -0.098069
502 0.299499
503 -0.102980
504 -0.102980
505 1.495254
506 0.699034
507 0.701538
508 -0.095752
509 -0.097018
510 -0.098270
511 1.501730
512 -0.096203
513 1.102530
514 -0.094388
515 0.704863
516 0.707296
517 -0.090271
518 0.709729
519 -0.088139
520 -0.088139
521 -0.090672
522 -0.090672
523 -0.092355
524 -0.094085
525 -0.094834
526 -0.094834
527 1.503914
528 -0.091282
529 1.507451
530 0.711976
531 0.713730
532 -0.084772
533 -0.084772
534 0.712696
535 -0.086088
536 -0.086981
537 0.711767
538 -0.087680
539 0.709887
540 -0.088352
541 -0.088352
542 0.711648
543 -0.086334
544 0.712414
545 -0.087177
546 -0.088907
547 -0.090173
548 -0.090173
549 -0.090173
550 -0.092719
551 0.706015
552 -0.093184
553 -0.094309
554 1.105691
555 -0.094571
556 1.504680
557 -0.090930
558 -0.092428
559 -0.092428
560 -0.093177
561 -0.093177
562 -0.093177
563 1.504319
564 -0.094131
565 -0.094131
566 0.703867
567 -0.094115
568 -0.098073
569 -0.098073
570 -0.098073
571 -0.098073
572 -0.098073
573 -0.099339
574 1.500661
575 -0.096295
576 -0.096295
577 -0.098990
578 -0.099739
579 -0.099739
580 -0.101469
581 0.697638
582 -0.101072
583 -0.101072
584 -0.101965
585 -0.104469
586 -0.107215
587 0.692785
588 -0.104782
589 -0.105675
590 -0.105675
591 0.692324
592 -0.106093
593 -0.106986
594 -0.106986
595 0.691284
596 -0.106233
597 -0.106233
598 -0.106233
599 -0.106233
600 -0.106782
601 -0.106782
602 -0.107531
603 -0.107531
604 -0.108323
605 0.691677
606 1.893464
607 -0.104032
608 -0.104433
609 -0.104834
610 -0.104834
611 -0.105958
612 -0.106367
613 -0.107618
614 -0.107618
615 1.492382
616 -0.105848
617 -0.105848
618 -0.105848
619 -0.105848
620 -0.105848
621 0.694152
622 -0.104905
623 -0.106171
624 0.693829
625 -0.105925
626 0.694075
627 0.695391
628 -0.101149
629 -0.101149
630 -0.102628
631 -0.102628
632 0.697372
633 0.698870
634 -0.101070
635 1.097451
636 -0.100531
637 -0.100531
638 -0.100531
639 -0.100531
640 -0.101797
641 0.698203
642 -0.100299
643 -0.100299
644 -0.100299
645 1.097971
646 -0.098939
647 1.501061
648 -0.093477
649 -0.094421
650 0.702120
651 0.703703
652 1.106136
653 0.710847
654 0.711375
655 -0.087127
656 0.711657
657 -0.087352
658 0.711899
659 -0.086820
660 -0.090048
661 -0.090048
662 -0.091172
663 1.108828
664 -0.089505
665 0.707750
666 1.110707
667 1.113103
668 -0.084759
669 -0.085652
670 -0.086904
671 -0.087847
672 0.712153
673 -0.089080
674 -0.090559
675 -0.092829
676 0.704795
677 0.701771
678 1.103558
679 -0.093449
680 -0.094392
681 0.704356
682 0.704756
683 -0.092995
684 0.704261
685 0.706765
686 -0.093847
687 -0.093847
688 -0.093847
689 -0.094596
690 -0.096806
691 0.701928
692 -0.096311
693 -0.097577
694 -0.097577
695 -0.098829
696 0.698188
697 1.500397
698 0.704920
699 -0.093942
700 -0.094885
701 0.705115
702 -0.091426
703 0.705616
704 -0.091851
705 -0.092975
706 -0.093869
707 -0.093869
708 -0.096097
709 -0.096097
710 0.701385
711 -0.095657
712 -0.096600
713 -0.096600
714 1.502915
715 -0.094244
716 -0.095588
717 -0.095588
718 -0.095588
719 -0.096337
720 -0.100072
721 0.696244
722 0.697510
723 -0.101867
724 -0.101867
725 0.696654
726 -0.100913
727 -0.100913
728 1.097608
729 0.700112
730 -0.098764
731 -0.100493
732 -0.100493
733 -0.100493
734 -0.102916
735 -0.102916
736 -0.104182
737 -0.104182
738 -0.104182
739 -0.104182
740 -0.107010
741 -0.107759
742 0.692241
743 -0.106856
744 0.693144
745 0.695677
746 -0.102943
747 0.694551
748 -0.103951
749 -0.105430
750 -0.106646
751 0.693354
752 0.694852
753 -0.103001
754 -0.103001
755 -0.103001
756 -0.103750
757 -0.103750
758 -0.105229
759 -0.105229
760 -0.105229
761 -0.105229
762 -0.105229
763 -0.105229
764 -0.105229
765 -0.105229
766 1.091825
767 -0.105502
768 -0.109189
769 0.690063
770 -0.108440
771 1.091560
772 0.692514
773 -0.104528
774 -0.106007
775 0.293993
776 1.094625
777 -0.101915
778 1.096832
779 -0.102407
780 -0.102407
781 -0.104136
782 -0.105866
783 0.294134
784 1.495077
785 -0.102011
786 -0.102011
787 0.697989
788 -0.100513
789 -0.100513
790 -0.100513
791 0.698271
792 -0.100501
793 -0.100501
794 0.698707
795 0.698115
796 -0.098927
797 -0.098927
798 -0.098927
799 -0.101087
800 -0.101087
801 -0.102566
802 -0.107014
803 -0.107014
804 1.092986
805 -0.104804
806 -0.104804
807 -0.106534
808 -0.106534
809 0.693466
810 -0.104651
811 -0.104651
812 1.495349
813 0.694022
814 -0.103445
815 -0.103445
816 -0.103445
817 -0.105232
818 1.094768
819 -0.105491
820 -0.105491
821 -0.105491
822 1.094509
823 -0.104548
824 1.095452
825 0.697885
826 -0.100385
827 0.699615
828 0.702573
829 0.703871
830 -0.092670
831 0.705315
832 -0.093187
833 -0.093936
834 -0.093936
835 -0.093936
836 0.704334
837 -0.093162
838 -0.096788
839 0.703212
840 -0.095480
841 -0.095480
842 -0.095480
843 -0.098415
844 -0.098415
845 1.500369
846 0.702423
847 0.704939
848 -0.093331
849 0.706669
850 -0.090827
851 -0.091952
852 -0.091952
853 0.706832
854 -0.093246
855 0.704988
856 1.506954
857 0.710724
858 0.711572
859 -0.087281
860 0.708510
861 -0.088533
862 1.109738
863 0.312241
864 0.712744
865 -0.088063
866 -0.089007
867 -0.089007
868 0.710993
869 -0.086758
870 -0.086758
871 -0.087974
872 -0.088723
873 -0.089617
874 0.709117
875 0.710617
876 1.512230
877 -0.085905
878 -0.086654
879 -0.086654
880 0.711208
881 -0.089650
882 -0.092154
883 -0.093941
884 0.704330
885 -0.095363
886 -0.095363
887 -0.096487
888 -0.096487
889 -0.097753
890 -0.099020
891 -0.100273
892 -0.104593
893 1.491196
894 0.695308
895 0.696806
896 -0.101407
897 -0.101407
898 0.696221
899 -0.101273
900 -0.102064
901 -0.104547
902 -0.104547
903 -0.104547
904 1.095053
905 0.696396
906 0.698183
907 -0.099852
908 -0.099852
909 -0.099852
910 -0.101331
911 -0.102584
912 -0.103708
913 1.094767
914 1.497725
915 -0.098641
916 -0.099857
917 -0.099857
918 0.298891
919 0.700157
920 0.701474
921 0.701747
922 -0.097072
923 -0.097072
924 -0.097072
925 -0.097072
926 0.702928
927 -0.096118
928 0.303882
929 -0.098334
930 -0.099459
931 0.697168
932 0.698554
933 -0.098942
934 -0.098942
935 0.701058
936 -0.100674
937 -0.101617
938 0.698383
939 0.699051
940 -0.098516
941 -0.099265
942 1.500735
943 -0.092848
944 -0.092848
945 -0.092848
946 -0.095189
947 -0.095189
948 -0.095189
949 -0.097934
950 -0.099413
951 0.699334
952 0.702292
953 0.700305
954 -0.097162
955 0.702838
956 -0.095113
957 -0.096365
958 0.702418
959 1.502702
960 0.706625
961 -0.095099
962 -0.095099
963 -0.095890
964 -0.095890
965 -0.095890
966 0.704110
967 -0.093358
968 -0.094610
969 -0.094610
970 -0.094610
971 -0.094610
972 -0.094610
973 -0.096088
974 -0.096088
975 -0.098004
976 -0.098004
977 -0.098004
978 -0.099271
979 0.700729
980 0.698393
981 0.697507
982 -0.101288
983 1.496704
984 0.702119
985 -0.096098
986 -0.096098
987 0.702686
988 1.504269
989 -0.091103
990 -0.091103
991 0.708897
992 0.709865
993 -0.090534
994 -0.091326
995 -0.091326
996 0.708674
997 0.709079
998 -0.087963
999 -0.087963
1000 0.712037
1001 -0.086177
1002 0.709561
1003 -0.090439
1004 -0.090439
1005 -0.091231
1006 -0.095792
1007 0.704208
1008 0.706415
1009 -0.090125
1010 -0.091855
1011 -0.093642
1012 -0.094585
1013 -0.094585
1014 -0.094585
1015 1.102720
1016 -0.095639
1017 -0.095639
1018 0.704361
1019 -0.094000
1020 0.705057
1021 -0.094570
1022 0.705430
1023 -0.091897
1024 0.707554
1025 -0.091643
1026 -0.093378
1027 0.705406
1028 -0.093601
1029 0.706399
1030 -0.091168
1031 -0.091168
1032 -0.092062
1033 -0.097087
1034 -0.097087
1035 -0.097087
1036 0.696441
1037 0.697710
1038 -0.099757
1039 -0.099757
1040 -0.100700
1041 -0.101644
1042 -0.101644
1043 -0.103753
1044 -0.103753
1045 -0.103753
1046 -0.103753
1047 -0.104970
1048 -0.106236
1049 0.693764
1050 -0.103278
1051 0.695455
1052 1.497888
1053 -0.098642
1054 -0.098642
1055 -0.098642
1056 0.700566
1057 -0.096901
1058 0.702615
1059 1.505118
1060 -0.091801
1061 0.708199
1062 -0.090414
1063 -0.090414
1064 0.709586
1065 -0.087882
1066 -0.087882
1067 0.712118
1068 -0.088978
1069 0.708100
1070 -0.089396
1071 -0.090663
1072 0.709337
1073 -0.089667
1074 -0.091146
1075 -0.091146
1076 -0.092362
1077 -0.096137
1078 1.103863
1079 -0.093141
1080 -0.093141
1081 -0.093141
1082 -0.093942
1083 0.704792
1084 -0.095927
1085 0.702343
1086 0.705803
1087 -0.094648
1088 0.704228
1089 -0.093289
1090 -0.093289
1091 -0.094414
1092 0.704116
1093 -0.095238
1094 -0.096968
1095 1.103032
1096 0.705454
1097 0.707958
1098 1.509610
1099 -0.087246
1100 -0.087246
1101 0.711275
1102 0.712683
1103 0.714247
1104 -0.084255
1105 -0.084255
1106 -0.084255
1107 1.515745
1108 0.720988
1109 -0.076763
1110 -0.078493
1111 -0.080963
1112 0.319037
1113 -0.080020
1114 -0.084958
1115 -0.086082
1116 1.113918
1117 1.516014
1118 0.320915
1119 -0.078219
1120 0.718784
1121 0.721033
1122 0.720303
1123 -0.077811
1124 0.317463
1125 -0.081788
1126 0.318212
1127 -0.080571
1128 0.719429
1129 -0.081358
1130 -0.083161
1131 0.716839
1132 -0.086374
1133 -0.088104
1134 -0.088104
1135 -0.091290
1136 1.104878
1137 -0.092882
1138 -0.092882
1139 -0.094006
1140 0.705994
1141 0.704037
1142 1.505913
1143 0.711891
1144 -0.088052
1145 -0.089176
1146 -0.089176
1147 0.709557
1148 -0.090589
1149 -0.090589
1150 -0.091841
1151 -0.092735
1152 -0.093859
1153 -0.093859
1154 -0.094752
1155 -0.096006
1156 -0.097272
1157 -0.097272
1158 0.700387
1159 -0.097080
1160 -0.098346
1161 -0.100076
1162 1.099924
1163 0.699976
1164 -0.096564
1165 -0.096564
1166 -0.096564
1167 1.499116
1168 0.703020
1169 -0.096516
1170 -0.098432
1171 -0.098432
1172 -0.098432
1173 -0.098432
1174 -0.098432
1175 -0.098432
1176 -0.100865
1177 -0.102081
1178 -0.102081
1179 -0.102081
1180 -0.102081
1181 -0.103560
1182 -0.103560
1183 -0.103560
1184 1.496440
1185 1.100129
1186 -0.097366
1187 -0.100349
1188 0.699651
1189 -0.099073
1190 1.099675
1191 -0.100151
1192 -0.101608
1193 -0.101608
1194 -0.104040
1195 -0.105775
1196 0.293282
1197 -0.105465
1198 -0.105465
1199 -0.105465
1200 0.694535
1201 -0.105006
1202 -0.105006
1203 -0.105899
1204 -0.105899
1205 -0.105899
1206 -0.105899
1207 0.692976
1208 -0.104520
1209 -0.104520
1210 -0.106250
1211 -0.106250
1212 0.693750
1213 -0.104660
1214 -0.105912
1215 -0.108253
1216 -0.108802
1217 0.690649
1218 1.092855
1219 -0.104207
1220 0.695793
1221 -0.102325
1222 -0.102325
1223 1.097675
1224 0.699874
1225 0.702377
1226 0.705335
1227 -0.093670
1228 1.106330
1229 -0.092086
1230 0.706647
1231 -0.092944
1232 -0.092944
1233 -0.094674
1234 0.705326
1235 -0.093185
1236 0.706815
1237 -0.091493
1238 0.308507
1239 -0.091968
1240 0.706780
1241 1.507879
1242 -0.088979
1243 -0.088979
1244 -0.090709
1245 0.307812
1246 0.707812
1247 0.709395
1248 -0.092787
1249 -0.094053
1250 -0.094053
1251 1.505743
1252 -0.089321
1253 -0.089321
1254 0.709426
1255 -0.093810
1256 -0.095288
1257 -0.096505
1258 -0.096505
1259 -0.098235
1260 1.099388
1261 -0.099698
1262 1.097629
1263 -0.100122
1264 -0.100523
1265 -0.102991
1266 -0.102991
1267 0.697009
1268 -0.100458
1269 -0.100458
1270 -0.101710
1271 0.697038
1272 0.697841
1273 -0.102490
1274 0.296031
1275 -0.102845
1276 0.695939
1277 1.498085
1278 0.702001
1279 1.104958
1280 -0.094816
1281 -0.094816
1282 -0.097812
1283 -0.099777
1284 -0.101029
1285 -0.101029
1286 -0.101029
1287 -0.101029
1288 -0.101029
1289 -0.101029
1290 0.698078
1291 -0.099490
1292 -0.100743
1293 -0.103706
1294 -0.108039
1295 1.490836
1296 -0.104521
1297 -0.104922
1298 -0.104922
1299 -0.106652
1300 -0.108269
1301 -0.108818
1302 -0.108818
1303 0.689929
1304 -0.107567
1305 -0.107567
1306 -0.107968
1307 -0.109092
1308 -0.109092
1309 -0.109092
1310 -0.109092
1311 -0.109092
1312 -0.109092
1313 -0.111825
1314 -0.111825
1315 1.088175
1316 -0.111825
1317 -0.111825
1318 -0.112309
1319 0.687691
1320 0.690195
1321 1.092444
1322 -0.106607
1323 -0.107705
1324 -0.107705
1325 0.292295
1326 -0.107156
1327 0.692095
1328 0.695555
1329 0.696329
1330 1.098812
1331 -0.098187
1332 -0.098187
1333 -0.098187
1334 -0.098187
1335 -0.099666
1336 0.700334
1337 -0.096708
1338 -0.096708
1339 -0.096708
1340 1.100345
1341 -0.097088
1342 0.301762
1343 -0.096508
1344 0.702275
1345 -0.097489
1346 -0.098755
1347 1.501245
1348 -0.094003
1349 0.704518
1350 -0.095862
1351 -0.096263
1352 0.700914
1353 0.703447
1354 -0.094304
1355 -0.094304
1356 -0.096034
1357 -0.098049
1358 0.700697
1359 -0.097270
1360 -0.097270
1361 -0.097270
1362 0.702730
1363 -0.095773
1364 -0.096257
1365 0.703743
1366 -0.094966
1367 -0.094966
1368 -0.094966
1369 -0.094966
1370 -0.096696
1371 -0.096696
1372 -0.097948
1373 0.699519
1374 0.701768
1375 -0.096445
1376 -0.096649
1377 -0.097866
1378 -0.100115
1379 -0.100115
1380 -0.100115
1381 -0.102001
1382 -0.102001
1383 -0.102001
1384 1.496269
1385 0.699186
1386 -0.099543
1387 -0.102397
1388 0.697603
1389 -0.101312
1390 1.498688
1391 0.702782
1392 -0.095071
1393 -0.095071
1394 -0.095071
1395 -0.095071
1396 -0.095071
1397 -0.095071
1398 0.704929
1399 -0.093288
1400 -0.095253
1401 -0.095253
1402 -0.095253
1403 0.703998
1404 -0.094504
1405 0.703913
1406 -0.093838
1407 0.704683
1408 0.706300
1409 -0.093001
1410 -0.093001
1411 -0.093001
1412 -0.095983
1413 -0.096187
1414 0.702469
1415 -0.096728
1416 0.703272
1417 -0.096882
1418 -0.098133
1419 1.101867
1420 -0.097273
1421 0.702727
1422 0.704960
1423 -0.092082
1424 -0.092082
1425 -0.093298
1426 0.705435
1427 -0.092132
1428 -0.093399
1429 -0.098124
1430 0.700609
1431 1.501410
1432 0.701446
1433 0.703029
1434 1.504527
1435 0.705550
1436 -0.092201
1437 -0.092201
1438 -0.093680
1439 -0.093680
1440 0.705919
