6 4 89338.23 500
LowerBd PerfectInfo PenaltyBd ModMaxBd
0.040
LowerBd 49.160 0.156 0.146 8.746 0.000
PerfectInfo 57.318 0.180 0.199
PenaltyBd 57.318 0.180 0.199
ModMaxBd 56.581 0.169
0.050
LowerBd 59.776 0.157 0.187 12.586 0.002
PerfectInfo 71.642 0.192 0.249
PenaltyBd 71.642 0.192 0.249
ModMaxBd 70.062 0.178
0.060
LowerBd 69.792 0.162 0.227 16.864 0.008
PerfectInfo 85.818 0.207 0.298
PenaltyBd 85.820 0.206 0.258
ModMaxBd 82.892 0.183
0.080
LowerBd 86.992 0.191 0.315 28.496 0.140
PerfectInfo 114.486 0.244 0.396
PenaltyBd 114.411 0.241 0.352
ModMaxBd 107.180 0.197
0.100
LowerBd 99.100 0.175 0.404 44.240 0.812
PerfectInfo 142.486 0.246 0.488
PenaltyBd 142.113 0.240 0.437
ModMaxBd 128.503 0.187
0.120
LowerBd 106.062 0.201 0.497 63.950 3.158
PerfectInfo 170.264 0.267 0.571
PenaltyBd 169.784 0.254 0.449
ModMaxBd 147.575 0.185
