120
1 0.040811
2 0.039145
3 0.037548
4 0.036015
5 0.034545
6 0.033136
7 0.031783
8 0.030486
9 0.029242
10 0.028049
11 0.026904
12 0.025806
13 0.024753
14 0.023743
15 0.022774
16 0.021844
17 0.020953
18 0.020098
19 0.019278
20 0.018491
21 0.017736
22 0.017012
23 0.016318
24 0.015652
25 0.015013
26 0.014401
27 0.013813
28 0.013249
29 0.012709
30 0.012190
31 0.011692
32 0.011215
33 0.010758
34 0.010319
35 0.009897
36 0.009493
37 0.009106
38 0.008734
39 0.008378
40 0.008036
41 0.007708
42 0.007394
43 0.007092
44 0.006802
45 0.006525
46 0.006258
47 0.006003
48 0.005758
49 0.005523
50 0.005298
51 0.005082
52 0.004874
53 0.004675
54 0.004484
55 0.004301
56 0.004126
57 0.003957
58 0.003796
59 0.003641
60 0.003492
61 0.003350
62 0.003213
63 0.003082
64 0.002956
65 0.002836
66 0.002720
67 0.002609
68 0.002502
69 0.002400
70 0.002302
71 0.002208
72 0.002118
73 0.002032
74 0.001949
75 0.001869
76 0.001793
77 0.001720
78 0.001650
79 0.001582
80 0.001518
81 0.001456
82 0.001396
83 0.001339
84 0.001285
85 0.001232
86 0.001182
87 0.001134
88 0.001088
89 0.001043
90 0.001001
91 0.000960
92 0.000921
93 0.000883
94 0.000847
95 0.000812
96 0.000779
97 0.000747
98 0.000717
99 0.000688
100 0.000660
101 0.000633
102 0.000607
103 0.000582
104 0.000558
105 0.000536
106 0.000514
107 0.000493
108 0.000473
109 0.000453
110 0.000435
111 0.000417
112 0.000400
113 0.000384
114 0.000368
115 0.000353
116 0.000339
117 0.000325
118 0.000312
119 0.000299
120 0.007025
