157 8
0.0000 0.0000 0.0000 0.0000 0.0000 0.0000 0.0000 0.0000
0.0016 0.0016 0.0033 0.0049 0.0065 0.0082 0.0098 0.0114
0.0032 0.0032 0.0064 0.0096 0.0128 0.0160 0.0192 0.0224
0.0047 0.0047 0.0094 0.0141 0.0188 0.0235 0.0282 0.0329
0.0061 0.0061 0.0123 0.0184 0.0246 0.0307 0.0368 0.0430
0.0075 0.0075 0.0150 0.0226 0.0301 0.0376 0.0451 0.0527
0.0154 0.0154 0.0308 0.0445 0.0582 0.0704 0.0808 0.0913
0.0229 0.0229 0.0458 0.0655 0.0853 0.1018 0.1151 0.1284
0.0301 0.0301 0.0603 0.0857 0.1112 0.1319 0.1479 0.1640
0.0371 0.0371 0.0741 0.1051 0.1360 0.1608 0.1794 0.1981
0.0437 0.0437 0.0874 0.1236 0.1598 0.1885 0.2097 0.2308
0.0632 0.0632 0.1149 0.1561 0.1941 0.2216 0.2419 0.2622
0.0818 0.0818 0.1412 0.1873 0.2270 0.2534 0.2729 0.2923
0.0997 0.0997 0.1665 0.2172 0.2586 0.2839 0.3025 0.3212
0.1168 0.1168 0.1907 0.2459 0.2888 0.3131 0.3310 0.3489
0.1464 0.1464 0.2221 0.2767 0.3178 0.3411 0.3583 0.3755
0.1747 0.1747 0.2522 0.3062 0.3457 0.3680 0.3845 0.4010
0.2018 0.2018 0.2811 0.3345 0.3724 0.3938 0.4096 0.4254
0.2279 0.2279 0.3095 0.3617 0.3980 0.4185 0.4337 0.4489
0.2528 0.2528 0.3377 0.3877 0.4226 0.4423 0.4568 0.4714
0.2833 0.2833 0.3648 0.4127 0.4461 0.4650 0.4790 0.4929
0.3126 0.3126 0.3907 0.4367 0.4687 0.4869 0.5002 0.5136
0.3406 0.3406 0.4155 0.4597 0.4904 0.5078 0.5206 0.5335
0.3675 0.3675 0.4394 0.4817 0.5112 0.5279 0.5402 0.5525
0.3934 0.3934 0.4623 0.5029 0.5312 0.5472 0.5590 0.5708
0.4181 0.4181 0.4842 0.5232 0.5503 0.5656 0.5770 0.5883
0.4419 0.4419 0.5053 0.5426 0.5686 0.5834 0.5942 0.6051
0.4646 0.4646 0.5255 0.5613 0.5863 0.6004 0.6108 0.6212
0.4865 0.4865 0.5448 0.5792 0.6031 0.6167 0.6267 0.6367
0.5074 0.5074 0.5634 0.5964 0.6193 0.6323 0.6419 0.6515
0.5275 0.5275 0.5812 0.6128 0.6349 0.6473 0.6565 0.6657
0.5468 0.5468 0.5983 0.6286 0.6498 0.6586 0.6705 0.6794
0.5653 0.5653 0.6147 0.6438 0.6641 0.6755 0.6840 0.6924
0.5831 0.5831 0.6304 0.6583 0.6749 0.6888 0.6969 0.7050
0.6001 0.6001 0.6455 0.6723 0.6909 0.7015 0.7093 0.7170
0.6164 0.6164 0.6600 0.6856 0.7009 0.7137 0.7211 0.7286
0.6321 0.6321 0.6739 0.6985 0.7156 0.7253 0.7325 0.7397
0.6471 0.6471 0.6872 0.7108 0.7248 0.7365 0.7434 0.7503
0.6615 0.6615 0.6999 0.7226 0.7360 0.7473 0.7539 0.7605
0.6753 0.6753 0.7122 0.7339 0.7468 0.7576 0.7617 0.7703
0.6885 0.6885 0.7239 0.7448 0.7593 0.7675 0.7736 0.7796
0.7012 0.7012 0.7352 0.7552 0.7691 0.7770 0.7828 0.7886
0.7134 0.7134 0.7460 0.7652 0.7766 0.7861 0.7897 0.7972
0.7251 0.7251 0.7564 0.7748 0.7876 0.7948 0.8002 0.8055
0.7364 0.7364 0.7663 0.7839 0.7944 0.8032 0.8065 0.8135
0.7471 0.7471 0.7758 0.7928 0.8028 0.8112 0.8144 0.8211
0.7574 0.7574 0.7850 0.8012 0.8125 0.8189 0.8220 0.8284
0.7673 0.7673 0.7938 0.8093 0.8186 0.8263 0.8292 0.8354
0.7768 0.7768 0.8022 0.8171 0.8275 0.8334 0.8362 0.8421
0.7859 0.7859 0.8103 0.8246 0.8346 0.8402 0.8429 0.8485
0.7947 0.7947 0.8180 0.8317 0.8413 0.8467 0.8493 0.8547
0.8031 0.8031 0.8254 0.8359 0.8478 0.8530 0.8555 0.8606
0.8111 0.8111 0.8326 0.8452 0.8540 0.8590 0.8614 0.8663
0.8188 0.8188 0.8394 0.8515 0.8600 0.8647 0.8670 0.8718
0.8262 0.8262 0.8459 0.8576 0.8657 0.8703 0.8724 0.8770
0.8333 0.8333 0.8522 0.8634 0.8712 0.8756 0.8776 0.8820
0.8401 0.8401 0.8583 0.8690 0.8753 0.8806 0.8826 0.8869
0.8466 0.8466 0.8640 0.8722 0.8804 0.8855 0.8874 0.8915
0.8529 0.8529 0.8696 0.8794 0.8853 0.8902 0.8920 0.8959
0.8589 0.8589 0.8749 0.8844 0.8900 0.8947 0.8964 0.9002
0.8646 0.8646 0.8800 0.8891 0.8945 0.8990 0.9007 0.9042
0.8702 0.8702 0.8849 0.8901 0.8988 0.9031 0.9047 0.9081
0.8755 0.8755 0.8896 0.8950 0.9029 0.9070 0.9086 0.9119
0.8805 0.8805 0.8941 0.9021 0.9069 0.9108 0.9123 0.9155
0.8854 0.8854 0.8984 0.9061 0.9107 0.9145 0.9159 0.9189
0.8901 0.8901 0.9026 0.9099 0.9143 0.9180 0.9193 0.9222
0.8946 0.8946 0.9066 0.9136 0.9178 0.9213 0.9226 0.9254
0.8989 0.8989 0.9104 0.9171 0.9212 0.9245 0.9258 0.9285
0.9030 0.9030 0.9140 0.9205 0.9244 0.9276 0.9288 0.9314
0.9070 0.9070 0.9175 0.9216 0.9275 0.9306 0.9317 0.9342
0.9108 0.9108 0.9209 0.9248 0.9304 0.9334 0.9345 0.9369
0.9144 0.9144 0.9241 0.9278 0.9333 0.9361 0.9372 0.9394
0.9179 0.9179 0.9272 0.9327 0.9360 0.9387 0.9397 0.9419
0.9212 0.9212 0.9302 0.9355 0.9386 0.9412 0.9422 0.9443
0.9245 0.9245 0.9330 0.9381 0.9411 0.9436 0.9446 0.9466
0.9275 0.9275 0.9358 0.9406 0.9435 0.9459 0.9468 0.9487
0.9305 0.9305 0.9384 0.9430 0.9458 0.9481 0.9490 0.9508
0.9333 0.9333 0.9409 0.9445 0.9480 0.9502 0.9511 0.9528
0.9361 0.9361 0.9433 0.9461 0.9501 0.9523 0.9531 0.9548
0.9387 0.9387 0.9456 0.9497 0.9522 0.9542 0.9550 0.9566
0.9412 0.9412 0.9479 0.9518 0.9541 0.9561 0.9561 0.9584
0.9436 0.9436 0.9500 0.9538 0.9560 0.9579 0.9579 0.9601
0.9459 0.9459 0.9520 0.9544 0.9578 0.9596 0.9596 0.9617
0.9481 0.9481 0.9540 0.9575 0.9595 0.9612 0.9612 0.9633
0.9502 0.9502 0.9559 0.9592 0.9612 0.9628 0.9628 0.9648
0.9522 0.9522 0.9577 0.9609 0.9628 0.9643 0.9643 0.9662
0.9542 0.9542 0.9594 0.9614 0.9628 0.9658 0.9658 0.9676
0.9561 0.9561 0.9610 0.9614 0.9628 0.9672 0.9672 0.9689
0.9578 0.9578 0.9626 0.9626 0.9631 0.9685 0.9685 0.9702
0.9596 0.9596 0.9642 0.9659 0.9659 0.9698 0.9698 0.9714
0.9612 0.9612 0.9656 0.9673 0.9673 0.9710 0.9710 0.9726
0.9628 0.9628 0.9670 0.9673 0.9675 0.9722 0.9722 0.9737
0.9643 0.9643 0.9684 0.9684 0.9688 0.9734 0.9734 0.9748
0.9658 0.9658 0.9697 0.9711 0.9711 0.9744 0.9744 0.9758
0.9672 0.9672 0.9709 0.9711 0.9713 0.9755 0.9755 0.9768
0.9685 0.9685 0.9721 0.9721 0.9725 0.9765 0.9765 0.9777
0.9698 0.9698 0.9732 0.9732 0.9736 0.9775 0.9775 0.9786
0.9710 0.9710 0.9743 0.9756 0.9756 0.9784 0.9784 0.9795
0.9722 0.9722 0.9754 0.9756 0.9757 0.9793 0.9793 0.9803
0.9733 0.9733 0.9764 0.9764 0.9767 0.9801 0.9801 0.9811
0.9744 0.9744 0.9773 0.9773 0.9776 0.9809 0.9809 0.9819
0.9755 0.9755 0.9783 0.9783 0.9786 0.9809 0.9809 0.9826
0.9765 0.9765 0.9791 0.9791 0.9791 0.9809 0.9809 0.9834
0.9774 0.9774 0.9800 0.9800 0.9800 0.9809 0.9809 0.9840
0.9784 0.9784 0.9808 0.9808 0.9808 0.9809 0.9809 0.9847
0.9792 0.9792 0.9816 0.9816 0.9816 0.9816 0.9816 0.9853
0.9801 0.9801 0.9823 0.9823 0.9823 0.9823 0.9823 0.9859
0.9809 0.9809 0.9831 0.9831 0.9831 0.9831 0.9831 0.9865
0.9817 0.9817 0.9838 0.9838 0.9838 0.9838 0.9838 0.9870
0.9824 0.9824 0.9844 0.9844 0.9844 0.9844 0.9844 0.9876
0.9831 0.9831 0.9851 0.9851 0.9851 0.9851 0.9851 0.9881
0.9838 0.9838 0.9857 0.9857 0.9857 0.9857 0.9857 0.9886
0.9845 0.9845 0.9863 0.9863 0.9863 0.9863 0.9863 0.9890
0.9851 0.9851 0.9868 0.9868 0.9868 0.9868 0.9868 0.9895
0.9857 0.9857 0.9874 0.9874 0.9874 0.9874 0.9874 0.9899
0.9863 0.9863 0.9879 0.9879 0.9879 0.9879 0.9879 0.9903
0.9869 0.9869 0.9884 0.9884 0.9884 0.9884 0.9884 0.9907
0.9874 0.9874 0.9888 0.9888 0.9888 0.9888 0.9888 0.9911
0.9879 0.9879 0.9893 0.9893 0.9893 0.9893 0.9893 0.9915
0.9884 0.9884 0.9897 0.9897 0.9897 0.9897 0.9897 0.9918
0.9892 0.9892 0.9907 0.9907 0.9925 0.9925 0.9925 0.9925
0.9896 0.9896 0.9911 0.9911 0.9928 0.9928 0.9928 0.9928
0.9900 0.9900 0.9914 0.9914 0.9931 0.9931 0.9931 0.9931
0.9904 0.9904 0.9918 0.9918 0.9934 0.9934 0.9934 0.9934
0.9908 0.9908 0.9921 0.9921 0.9936 0.9936 0.9936 0.9936
0.9923 0.9923 0.9946 0.9946 0.9977 0.9977 0.9977 1.0000
0.9926 0.9926 0.9948 0.9948 0.9978 0.9978 0.9978 1.0000
0.9929 0.9929 0.9950 0.9950 0.9979 0.9979 0.9979 1.0000
0.9932 0.9932 0.9952 0.9952 0.9979 0.9979 0.9979 1.0000
0.9935 0.9935 0.9954 0.9954 0.9980 0.9980 0.9980 1.0000
0.9959 0.9959 0.9981 0.9997 1.0000 1.0000 1.0000 1.0000
0.9961 0.9961 0.9982 0.9997 1.0000 1.0000 1.0000 1.0000
0.9962 0.9962 0.9982 0.9997 1.0000 1.0000 1.0000 1.0000
0.9964 0.9964 0.9983 0.9997 1.0000 1.0000 1.0000 1.0000
0.9987 0.9987 1.0000 1.0000 1.0000 1.0000 1.0000 1.0000
0.9987 0.9987 1.0000 1.0000 1.0000 1.0000 1.0000 1.0000
0.9988 0.9988 1.0000 1.0000 1.0000 1.0000 1.0000 1.0000
0.9988 0.9988 1.0000 1.0000 1.0000 1.0000 1.0000 1.0000
0.9989 0.9989 1.0000 1.0000 1.0000 1.0000 1.0000 1.0000
1.0000 1.0000 1.0000 1.0000 1.0000 1.0000 1.0000 1.0000
1.0000 1.0000 1.0000 1.0000 1.0000 1.0000 1.0000 1.0000
1.0000 1.0000 1.0000 1.0000 1.0000 1.0000 1.0000 1.0000
1.0000 1.0000 1.0000 1.0000 1.0000 1.0000 1.0000 1.0000
1.0000 1.0000 1.0000 1.0000 1.0000 1.0000 1.0000 1.0000
1.0000 1.0000 1.0000 1.0000 1.0000 1.0000 1.0000 1.0000
1.0000 1.0000 1.0000 1.0000 1.0000 1.0000 1.0000 1.0000
1.0000 1.0000 1.0000 1.0000 1.0000 1.0000 1.0000 1.0000
1.0000 1.0000 1.0000 1.0000 1.0000 1.0000 1.0000 1.0000
1.0000 1.0000 1.0000 1.0000 1.0000 1.0000 1.0000 1.0000
1.0000 1.0000 1.0000 1.0000 1.0000 1.0000 1.0000 1.0000
1.0000 1.0000 1.0000 1.0000 1.0000 1.0000 1.0000 1.0000
1.0000 1.0000 1.0000 1.0000 1.0000 1.0000 1.0000 1.0000
1.0000 1.0000 1.0000 1.0000 1.0000 1.0000 1.0000 1.0000
1.0000 1.0000 1.0000 1.0000 1.0000 1.0000 1.0000 1.0000
1.0000 1.0000 1.0000 1.0000 1.0000 1.0000 1.0000 1.0000
1.0000 1.0000 1.0000 1.0000 1.0000 1.0000 1.0000 1.0000
1.0000 1.0000 1.0000 1.0000 1.0000 1.0000 1.0000 1.0000
