145 8
0.0000 0.0000 0.0000 0.0000 0.0000 0.0000 0.0000 0.0000
0.0016 0.0016 0.0033 0.0049 0.0065 0.0082 0.0098 0.0114
0.0032 0.0032 0.0064 0.0096 0.0128 0.0160 0.0192 0.0224
0.0047 0.0047 0.0094 0.0141 0.0188 0.0235 0.0282 0.0329
0.0061 0.0061 0.0123 0.0184 0.0246 0.0307 0.0368 0.0430
0.0141 0.0141 0.0281 0.0405 0.0529 0.0637 0.0729 0.0820
0.0216 0.0216 0.0433 0.0617 0.0802 0.0954 0.1075 0.1195
0.0289 0.0289 0.0578 0.0821 0.1063 0.1258 0.1406 0.1554
0.0490 0.0490 0.0865 0.1163 0.1428 0.1615 0.1757 0.1899
0.0682 0.0682 0.1140 0.1491 0.1777 0.1957 0.2093 0.2230
0.0866 0.0866 0.1403 0.1811 0.2113 0.2285 0.2416 0.2547
0.1174 0.1174 0.1738 0.2140 0.2435 0.2600 0.2725 0.2851
0.1469 0.1469 0.2059 0.2466 0.2744 0.2902 0.3022 0.3143
0.1751 0.1751 0.2377 0.2768 0.3040 0.3192 0.3307 0.3423
0.2088 0.2088 0.2688 0.3063 0.3324 0.3470 0.3580 0.3691
0.2411 0.2411 0.2986 0.3351 0.3596 0.3736 0.3842 0.3948
0.2721 0.2721 0.3273 0.3618 0.3858 0.3992 0.4094 0.4195
0.3018 0.3018 0.3547 0.3882 0.4108 0.4237 0.4335 0.4432
0.3303 0.3303 0.3811 0.4132 0.4349 0.4472 0.4566 0.4660
0.3576 0.3576 0.4063 0.4368 0.4579 0.4698 0.4788 0.4877
0.3838 0.3838 0.4305 0.4598 0.4801 0.4914 0.5000 0.5087
0.4090 0.4090 0.4538 0.4818 0.5013 0.5122 0.5204 0.5261
0.4331 0.4331 0.4761 0.5030 0.5216 0.5321 0.5400 0.5454
0.4562 0.4562 0.4975 0.5232 0.5411 0.5512 0.5588 0.5640
0.4784 0.4784 0.5180 0.5427 0.5599 0.5695 0.5768 0.5818
0.4997 0.4997 0.5376 0.5614 0.5778 0.5871 0.5941 0.5988
0.5201 0.5201 0.5565 0.5793 0.5951 0.6039 0.6106 0.6152
0.5397 0.5397 0.5746 0.5964 0.6116 0.6201 0.6265 0.6309
0.5585 0.5585 0.5920 0.6129 0.6274 0.6356 0.6418 0.6460
0.5765 0.5765 0.6086 0.6287 0.6426 0.6505 0.6564 0.6604
0.5938 0.5938 0.6246 0.6439 0.6572 0.6647 0.6704 0.6743
0.6104 0.6104 0.6399 0.6584 0.6712 0.6784 0.6839 0.6876
0.6263 0.6263 0.6546 0.6723 0.6846 0.6915 0.6951 0.7003
0.6415 0.6415 0.6687 0.6857 0.6975 0.7041 0.7075 0.7126
0.6562 0.6562 0.6822 0.6985 0.7099 0.7162 0.7195 0.7243
0.6702 0.6702 0.6952 0.7108 0.7217 0.7278 0.7309 0.7355
0.6836 0.6836 0.7076 0.7226 0.7331 0.7389 0.7419 0.7463
0.6966 0.6966 0.7196 0.7340 0.7439 0.7495 0.7524 0.7567
0.7089 0.7089 0.7310 0.7448 0.7544 0.7598 0.7625 0.7666
0.7208 0.7208 0.7420 0.7552 0.7644 0.7696 0.7722 0.7761
0.7322 0.7322 0.7525 0.7652 0.7740 0.7790 0.7815 0.7853
0.7431 0.7431 0.7626 0.7748 0.7833 0.7880 0.7904 0.7940
0.7536 0.7536 0.7723 0.7840 0.7921 0.7966 0.7990 0.8024
0.7637 0.7637 0.7816 0.7928 0.8006 0.8049 0.8072 0.8105
0.7733 0.7733 0.7905 0.8013 0.8087 0.8129 0.8151 0.8182
0.7826 0.7826 0.7991 0.8094 0.8165 0.8205 0.8226 0.8257
0.7914 0.7914 0.8073 0.8172 0.8240 0.8279 0.8299 0.8328
0.8000 0.8000 0.8151 0.8246 0.8312 0.8349 0.8368 0.8396
0.8081 0.8081 0.8227 0.8318 0.8381 0.8416 0.8435 0.8461
0.8160 0.8160 0.8299 0.8386 0.8447 0.8481 0.8498 0.8524
0.8235 0.8235 0.8368 0.8452 0.8510 0.8543 0.8560 0.8584
0.8307 0.8307 0.8435 0.8515 0.8571 0.8602 0.8619 0.8642
0.8376 0.8376 0.8499 0.8576 0.8629 0.8659 0.8675 0.8698
0.8442 0.8442 0.8560 0.8634 0.8685 0.8714 0.8729 0.8751
0.8506 0.8506 0.8619 0.8690 0.8739 0.8767 0.8781 0.8802
0.8567 0.8567 0.8675 0.8743 0.8790 0.8817 0.8831 0.8851
0.8625 0.8625 0.8729 0.8795 0.8840 0.8865 0.8878 0.8898
0.8681 0.8681 0.8781 0.8844 0.8887 0.8911 0.8924 0.8943
0.8735 0.8735 0.8831 0.8891 0.8933 0.8956 0.8968 0.8986
0.8787 0.8787 0.8879 0.8936 0.8976 0.8999 0.9010 0.9027
0.8836 0.8836 0.8924 0.8980 0.9018 0.9039 0.9051 0.9067
0.8884 0.8884 0.8968 0.9021 0.9058 0.9079 0.9089 0.9105
0.8929 0.8929 0.9010 0.9061 0.9096 0.9116 0.9126 0.9126
0.8973 0.8973 0.9051 0.9100 0.9133 0.9152 0.9162 0.9162
0.9015 0.9015 0.9090 0.9136 0.9169 0.9187 0.9196 0.9196
0.9055 0.9055 0.9127 0.9172 0.9203 0.9220 0.9229 0.9229
0.9094 0.9094 0.9162 0.9205 0.9235 0.9252 0.9261 0.9261
0.9131 0.9131 0.9197 0.9238 0.9266 0.9282 0.9282 0.9282
0.9166 0.9166 0.9229 0.9269 0.9296 0.9312 0.9312 0.9312
0.9200 0.9200 0.9261 0.9299 0.9325 0.9340 0.9340 0.9340
0.9233 0.9233 0.9291 0.9327 0.9353 0.9367 0.9367 0.9367
0.9264 0.9264 0.9320 0.9355 0.9379 0.9393 0.9393 0.9393
0.9294 0.9294 0.9348 0.9381 0.9404 0.9417 0.9417 0.9417
0.9323 0.9323 0.9374 0.9406 0.9429 0.9441 0.9441 0.9441
0.9351 0.9351 0.9400 0.9431 0.9452 0.9464 0.9464 0.9464
0.9377 0.9377 0.9424 0.9454 0.9474 0.9486 0.9486 0.9486
0.9402 0.9402 0.9448 0.9476 0.9496 0.9507 0.9507 0.9507
0.9427 0.9427 0.9470 0.9497 0.9516 0.9527 0.9527 0.9527
0.9450 0.9450 0.9492 0.9518 0.9536 0.9546 0.9546 0.9546
0.9473 0.9473 0.9513 0.9538 0.9555 0.9565 0.9565 0.9565
0.9494 0.9494 0.9533 0.9557 0.9573 0.9582 0.9582 0.9582
0.9515 0.9515 0.9552 0.9575 0.9591 0.9600 0.9600 0.9600
0.9535 0.9535 0.9570 0.9592 0.9607 0.9616 0.9616 0.9616
0.9554 0.9554 0.9587 0.9609 0.9623 0.9632 0.9632 0.9632
0.9572 0.9572 0.9604 0.9625 0.9639 0.9647 0.9647 0.9647
0.9589 0.9589 0.9620 0.9640 0.9653 0.9661 0.9661 0.9661
0.9606 0.9606 0.9636 0.9655 0.9668 0.9675 0.9675 0.9675
0.9622 0.9622 0.9651 0.9669 0.9681 0.9688 0.9688 0.9688
0.9638 0.9638 0.9665 0.9682 0.9694 0.9694 0.9694 0.9694
0.9652 0.9652 0.9679 0.9695 0.9707 0.9707 0.9707 0.9707
0.9667 0.9667 0.9692 0.9708 0.9719 0.9719 0.9719 0.9719
0.9680 0.9680 0.9704 0.9720 0.9730 0.9730 0.9730 0.9730
0.9693 0.9693 0.9716 0.9731 0.9741 0.9741 0.9741 0.9741
0.9706 0.9706 0.9728 0.9731 0.9752 0.9752 0.9752 0.9752
0.9718 0.9718 0.9739 0.9739 0.9762 0.9762 0.9762 0.9762
0.9729 0.9729 0.9750 0.9750 0.9772 0.9772 0.9772 0.9772
0.9740 0.9740 0.9760 0.9760 0.9781 0.9781 0.9781 0.9781
0.9751 0.9751 0.9770 0.9770 0.9790 0.9790 0.9790 0.9790
0.9761 0.9761 0.9779 0.9779 0.9798 0.9798 0.9798 0.9798
0.9771 0.9771 0.9788 0.9788 0.9807 0.9807 0.9807 0.9807
0.9780 0.9780 0.9797 0.9797 0.9814 0.9814 0.9814 0.9814
0.9789 0.9789 0.9805 0.9805 0.9822 0.9822 0.9822 0.9822
0.9798 0.9798 0.9813 0.9813 0.9829 0.9829 0.9829 0.9829
0.9806 0.9806 0.9821 0.9821 0.9836 0.9836 0.9836 0.9836
0.9814 0.9814 0.9828 0.9828 0.9843 0.9843 0.9843 0.9843
0.9821 0.9821 0.9835 0.9835 0.9849 0.9849 0.9849 0.9849
0.9829 0.9829 0.9842 0.9842 0.9856 0.9856 0.9856 0.9856
0.9836 0.9836 0.9848 0.9848 0.9861 0.9861 0.9861 0.9861
0.9842 0.9842 0.9854 0.9854 0.9867 0.9867 0.9867 0.9867
0.9849 0.9849 0.9860 0.9860 0.9872 0.9872 0.9872 0.9872
0.9855 0.9855 0.9866 0.9866 0.9878 0.9878 0.9878 0.9878
0.9861 0.9861 0.9872 0.9872 0.9883 0.9883 0.9883 0.9883
0.9867 0.9867 0.9877 0.9877 0.9887 0.9887 0.9887 0.9887
0.9872 0.9872 0.9882 0.9882 0.9892 0.9892 0.9892 0.9892
0.9877 0.9877 0.9887 0.9887 0.9896 0.9896 0.9896 0.9896
0.9882 0.9882 0.9891 0.9891 0.9901 0.9901 0.9901 0.9901
0.9887 0.9887 0.9896 0.9896 0.9905 0.9905 0.9905 0.9905
0.9892 0.9892 0.9900 0.9900 0.9909 0.9909 0.9909 0.9909
0.9896 0.9896 0.9904 0.9904 0.9912 0.9912 0.9912 0.9912
0.9900 0.9900 0.9908 0.9908 0.9916 0.9916 0.9916 0.9916
0.9907 0.9907 0.9917 0.9917 0.9930 0.9930 0.9930 0.9932
0.9911 0.9911 0.9920 0.9920 0.9933 0.9933 0.9933 0.9934
0.9915 0.9915 0.9924 0.9924 0.9936 0.9936 0.9936 0.9937
0.9918 0.9918 0.9927 0.9927 0.9938 0.9938 0.9938 0.9940
0.9932 0.9932 0.9951 0.9951 0.9979 0.9979 0.9979 1.0000
0.9935 0.9935 0.9953 0.9953 0.9979 0.9979 0.9979 1.0000
0.9938 0.9938 0.9955 0.9955 0.9980 0.9980 0.9980 1.0000
0.9962 0.9962 0.9982 0.9997 1.0000 1.0000 1.0000 1.0000
0.9963 0.9963 0.9982 0.9997 1.0000 1.0000 1.0000 1.0000
0.9965 0.9965 0.9983 0.9997 1.0000 1.0000 1.0000 1.0000
0.9988 0.9988 1.0000 1.0000 1.0000 1.0000 1.0000 1.0000
0.9988 0.9988 1.0000 1.0000 1.0000 1.0000 1.0000 1.0000
0.9989 0.9989 1.0000 1.0000 1.0000 1.0000 1.0000 1.0000
1.0000 1.0000 1.0000 1.0000 1.0000 1.0000 1.0000 1.0000
1.0000 1.0000 1.0000 1.0000 1.0000 1.0000 1.0000 1.0000
1.0000 1.0000 1.0000 1.0000 1.0000 1.0000 1.0000 1.0000
1.0000 1.0000 1.0000 1.0000 1.0000 1.0000 1.0000 1.0000
1.0000 1.0000 1.0000 1.0000 1.0000 1.0000 1.0000 1.0000
1.0000 1.0000 1.0000 1.0000 1.0000 1.0000 1.0000 1.0000
1.0000 1.0000 1.0000 1.0000 1.0000 1.0000 1.0000 1.0000
1.0000 1.0000 1.0000 1.0000 1.0000 1.0000 1.0000 1.0000
1.0000 1.0000 1.0000 1.0000 1.0000 1.0000 1.0000 1.0000
1.0000 1.0000 1.0000 1.0000 1.0000 1.0000 1.0000 1.0000
1.0000 1.0000 1.0000 1.0000 1.0000 1.0000 1.0000 1.0000
1.0000 1.0000 1.0000 1.0000 1.0000 1.0000 1.0000 1.0000
