67 11
0.0000 0.0000 0.0000 0.0000 0.0000 0.0000 0.0000 0.0000 0.0000 0.0000 0.0000
0.0000 0.0000 0.0000 0.0000 0.0000 0.0000 0.0000 0.0000 0.0000 0.0000 0.0000
0.0000 0.0000 0.0000 0.0000 0.0000 0.0000 0.0000 0.0000 0.0000 0.0000 0.0000
0.0000 0.0000 0.0000 0.0000 0.0000 0.0000 0.0000 0.0000 0.0000 0.0000 0.0000
0.0000 0.0000 0.0000 0.0000 0.0000 0.0000 0.0000 0.0000 0.0000 0.0000 0.0000
0.0000 0.0000 0.0000 0.0000 0.0000 0.0000 0.0000 0.0000 0.0000 0.0000 0.0000
0.0000 0.0000 0.0000 0.0000 0.0000 0.0000 0.0000 0.0000 0.0000 0.0000 0.0000
0.0000 0.0000 0.0000 0.0000 0.0000 0.0000 0.0000 0.0000 0.0000 0.0000 0.0000
0.0000 0.0000 0.0000 0.0000 0.0000 0.0000 0.0000 0.0000 0.0000 0.0000 0.0000
0.0000 0.0000 0.0000 0.0000 0.0000 0.0000 0.0000 0.0000 0.0000 0.0000 0.0000
0.0000 0.0000 0.0000 0.0000 0.0000 0.0000 0.0000 0.0000 0.0000 0.0000 0.0000
0.0000 0.0000 0.0000 0.0000 0.0000 0.0000 0.0000 0.0000 0.0000 0.0000 0.0000
0.0000 0.0000 0.0000 0.0000 0.0000 0.0000 0.0000 0.0000 0.0000 0.0000 0.0000
0.0000 0.0000 0.0000 0.0000 0.0000 0.0000 0.0000 0.0000 0.0000 0.0000 0.0000
0.0000 0.0000 0.0000 0.0000 0.0000 0.0000 0.0000 0.0000 0.0000 0.0000 0.0000
0.0011 0.0011 0.0019 0.0028 0.0036 0.0045 0.0045 0.0045 0.0045 0.0045 0.0045
0.0032 0.0032 0.0058 0.0083 0.0109 0.0134 0.0134 0.0134 0.0134 0.0134 0.0134
0.0054 0.0054 0.0096 0.0139 0.0181 0.0223 0.0223 0.0223 0.0223 0.0223 0.0223
0.0086 0.0086 0.0154 0.0222 0.0289 0.0357 0.0357 0.0357 0.0357 0.0357 0.0357
0.0119 0.0119 0.0212 0.0305 0.0398 0.0491 0.0491 0.0491 0.0491 0.0491 0.0491
0.0162 0.0162 0.0289 0.0416 0.0543 0.0669 0.0669 0.0669 0.0669 0.0669 0.0669
0.0205 0.0205 0.0366 0.0527 0.0687 0.0848 0.0848 0.0848 0.0848 0.0848 0.0848
0.0259 0.0259 0.0462 0.0665 0.0868 0.1071 0.1071 0.1071 0.1071 0.1071 0.1071
0.0324 0.0324 0.0578 0.0831 0.1085 0.1339 0.1339 0.1339 0.1339 0.1339 0.1339
0.0472 0.0472 0.0788 0.1104 0.1420 0.1736 0.1736 0.1736 0.1736 0.1736 0.1736
0.0681 0.0681 0.1054 0.1427 0.1801 0.2174 0.2174 0.2174 0.2174 0.2174 0.2174
0.0879 0.0879 0.1301 0.1723 0.2145 0.2567 0.2567 0.2567 0.2567 0.2567 0.2567
0.1138 0.1138 0.1604 0.2070 0.2535 0.3001 0.3001 0.3001 0.3001 0.3001 0.3001
0.1387 0.1387 0.1913 0.2414 0.2915 0.3390 0.3390 0.3390 0.3390 0.3390 0.3390
0.1696 0.1696 0.2305 0.2835 0.3366 0.3820 0.3820 0.3820 0.3820 0.3820 0.3820
0.1995 0.1995 0.2679 0.3231 0.3784 0.4205 0.4205 0.4205 0.4205 0.4205 0.4205
0.2356 0.2356 0.3126 0.3694 0.4263 0.4630 0.4630 0.4630 0.4630 0.4630 0.4630
0.2788 0.2788 0.3662 0.4250 0.4838 0.5141 0.5141 0.5141 0.5141 0.5141 0.5141
0.3366 0.3366 0.4346 0.4949 0.5552 0.5779 0.5779 0.5779 0.5779 0.5779 0.5779
0.3945 0.3945 0.4998 0.5605 0.6213 0.6375 0.6375 0.6375 0.6375 0.6375 0.6375
0.4452 0.4452 0.5561 0.6169 0.6778 0.6886 0.6886 0.6886 0.6886 0.6886 0.6886
0.4960 0.4960 0.6092 0.6691 0.7289 0.7354 0.7354 0.7354 0.7354 0.7354 0.7354
0.5396 0.5396 0.6534 0.7120 0.7705 0.7738 0.7738 0.7738 0.7738 0.7738 0.7738
0.5833 0.5833 0.6945 0.7507 0.8068 0.8079 0.8079 0.8079 0.8079 0.8079 0.8079
0.6199 0.6199 0.7267 0.7801 0.8335 0.8335 0.8335 0.8335 0.8335 0.8335 0.8335
0.6566 0.6566 0.7557 0.8052 0.8548 0.8548 0.8548 0.8548 0.8548 0.8548 0.8548
0.7006 0.7006 0.7905 0.8355 0.8804 0.8804 0.8804 0.8804 0.8804 0.8804 0.8804
0.7535 0.7535 0.8319 0.8711 0.9103 0.9103 0.9103 0.9103 0.9103 0.9103 0.9103
0.8008 0.8008 0.8683 0.9021 0.9359 0.9359 0.9359 0.9359 0.9359 0.9359 0.9359
0.8407 0.8407 0.8990 0.9281 0.9573 0.9573 0.9573 0.9573 0.9573 0.9573 0.9573
0.8749 0.8749 0.9246 0.9495 0.9744 0.9744 0.9744 0.9744 0.9744 0.9744 0.9744
0.9017 0.9017 0.9445 0.9658 0.9872 0.9872 0.9872 0.9872 0.9872 0.9872 0.9872
0.9229 0.9229 0.9593 0.9775 0.9957 0.9957 0.9957 0.9957 0.9957 0.9957 0.9957
0.9367 0.9367 0.9684 0.9842 1.0000 1.0000 1.0000 1.0000 1.0000 1.0000 1.0000
0.9448 0.9448 0.9724 0.9862 1.0000 1.0000 1.0000 1.0000 1.0000 1.0000 1.0000
0.9546 0.9546 0.9773 0.9886 1.0000 1.0000 1.0000 1.0000 1.0000 1.0000 1.0000
0.9659 0.9659 0.9830 0.9915 1.0000 1.0000 1.0000 1.0000 1.0000 1.0000 1.0000
0.9757 0.9757 0.9878 0.9939 1.0000 1.0000 1.0000 1.0000 1.0000 1.0000 1.0000
0.9838 0.9838 0.9919 0.9959 1.0000 1.0000 1.0000 1.0000 1.0000 1.0000 1.0000
0.9903 0.9903 0.9951 0.9976 1.0000 1.0000 1.0000 1.0000 1.0000 1.0000 1.0000
0.9951 0.9951 0.9976 0.9988 1.0000 1.0000 1.0000 1.0000 1.0000 1.0000 1.0000
0.9984 0.9984 0.9992 0.9996 1.0000 1.0000 1.0000 1.0000 1.0000 1.0000 1.0000
1.0000 1.0000 1.0000 1.0000 1.0000 1.0000 1.0000 1.0000 1.0000 1.0000 1.0000
1.0000 1.0000 1.0000 1.0000 1.0000 1.0000 1.0000 1.0000 1.0000 1.0000 1.0000
1.0000 1.0000 1.0000 1.0000 1.0000 1.0000 1.0000 1.0000 1.0000 1.0000 1.0000
1.0000 1.0000 1.0000 1.0000 1.0000 1.0000 1.0000 1.0000 1.0000 1.0000 1.0000
1.0000 1.0000 1.0000 1.0000 1.0000 1.0000 1.0000 1.0000 1.0000 1.0000 1.0000
1.0000 1.0000 1.0000 1.0000 1.0000 1.0000 1.0000 1.0000 1.0000 1.0000 1.0000
1.0000 1.0000 1.0000 1.0000 1.0000 1.0000 1.0000 1.0000 1.0000 1.0000 1.0000
1.0000 1.0000 1.0000 1.0000 1.0000 1.0000 1.0000 1.0000 1.0000 1.0000 1.0000
1.0000 1.0000 1.0000 1.0000 1.0000 1.0000 1.0000 1.0000 1.0000 1.0000 1.0000
1.0000 1.0000 1.0000 1.0000 1.0000 1.0000 1.0000 1.0000 1.0000 1.0000 1.0000
