61 9
0.0000 0.0000 0.0000 0.0000 0.0000 0.0000 0.0000 0.0000 0.0000
0.0000 0.0000 0.0000 0.0000 0.0000 0.0000 0.0000 0.0000 0.0000
0.0000 0.0000 0.0000 0.0000 0.0000 0.0000 0.0000 0.0000 0.0000
0.0000 0.0000 0.0000 0.0000 0.0000 0.0000 0.0000 0.0000 0.0000
0.0000 0.0000 0.0000 0.0000 0.0000 0.0000 0.0000 0.0000 0.0000
0.0000 0.0000 0.0000 0.0000 0.0000 0.0000 0.0000 0.0000 0.0000
0.0000 0.0000 0.0000 0.0000 0.0000 0.0000 0.0000 0.0000 0.0000
0.0000 0.0000 0.0000 0.0000 0.0000 0.0000 0.0000 0.0000 0.0000
0.0000 0.0000 0.0000 0.0000 0.0000 0.0000 0.0000 0.0000 0.0000
0.0000 0.0000 0.0000 0.0000 0.0000 0.0000 0.0000 0.0000 0.0000
0.0000 0.0000 0.0000 0.0000 0.0000 0.0000 0.0000 0.0000 0.0000
0.0000 0.0000 0.0000 0.0000 0.0000 0.0000 0.0000 0.0000 0.0000
0.0014 0.0014 0.0026 0.0038 0.0048 0.0048 0.0048 0.0048 0.0048
0.0027 0.0027 0.0051 0.0075 0.0096 0.0096 0.0096 0.0096 0.0096
0.0041 0.0041 0.0077 0.0113 0.0144 0.0144 0.0144 0.0144 0.0144
0.0054 0.0054 0.0102 0.0150 0.0193 0.0193 0.0193 0.0193 0.0193
0.0068 0.0068 0.0128 0.0188 0.0241 0.0241 0.0241 0.0241 0.0241
0.0133 0.0133 0.0251 0.0368 0.0471 0.0471 0.0471 0.0471 0.0471
0.0199 0.0199 0.0373 0.0548 0.0702 0.0702 0.0702 0.0702 0.0702
0.0264 0.0264 0.0496 0.0728 0.0932 0.0932 0.0932 0.0932 0.0932
0.0330 0.0330 0.0619 0.0908 0.1163 0.1163 0.1163 0.1163 0.1163
0.0541 0.0541 0.0954 0.1355 0.1672 0.1672 0.1672 0.1672 0.1672
0.0753 0.0753 0.1300 0.1802 0.2181 0.2181 0.2181 0.2181 0.2181
0.0965 0.0965 0.1658 0.2249 0.2691 0.2691 0.2691 0.2691 0.2691
0.1176 0.1176 0.2016 0.2696 0.3200 0.3200 0.3200 0.3200 0.3200
0.1375 0.1375 0.2350 0.3105 0.3661 0.3661 0.3661 0.3661 0.3661
0.1776 0.1776 0.2944 0.3745 0.4324 0.4324 0.4324 0.4324 0.4324
0.2176 0.2176 0.3538 0.4385 0.4986 0.4986 0.4986 0.4986 0.4986
0.2577 0.2577 0.4132 0.5025 0.5649 0.5649 0.5649 0.5649 0.5649
0.2978 0.2978 0.4726 0.5665 0.6311 0.6311 0.6311 0.6311 0.6311
0.3545 0.3545 0.5352 0.6245 0.6850 0.6850 0.6850 0.6850 0.6850
0.4111 0.4111 0.5977 0.6825 0.7389 0.7389 0.7389 0.7389 0.7389
0.4678 0.4678 0.6602 0.7405 0.7928 0.7928 0.7928 0.7928 0.7928
0.5244 0.5244 0.7228 0.7985 0.8466 0.8466 0.8466 0.8466 0.8466
0.5664 0.5664 0.7611 0.8298 0.8726 0.8726 0.8726 0.8726 0.8726
0.6169 0.6169 0.8015 0.8618 0.8986 0.8986 0.8986 0.8986 0.8986
0.6673 0.6673 0.8419 0.8939 0.9246 0.9246 0.9246 0.9246 0.9246
0.7177 0.7177 0.8823 0.9259 0.9506 0.9506 0.9506 0.9506 0.9506
0.7681 0.7681 0.9227 0.9579 0.9766 0.9766 0.9766 0.9766 0.9766
0.8027 0.8027 0.9378 0.9671 0.9824 0.9824 0.9824 0.9824 0.9824
0.8373 0.8373 0.9529 0.9762 0.9883 0.9883 0.9883 0.9883 0.9883
0.8718 0.8718 0.9680 0.9854 0.9941 0.9941 0.9941 0.9941 0.9941
0.9064 0.9064 0.9831 0.9946 1.0000 1.0000 1.0000 1.0000 1.0000
0.9192 0.9192 0.9859 0.9955 1.0000 1.0000 1.0000 1.0000 1.0000
0.9327 0.9327 0.9887 0.9964 1.0000 1.0000 1.0000 1.0000 1.0000
0.9462 0.9462 0.9915 0.9973 1.0000 1.0000 1.0000 1.0000 1.0000
0.9598 0.9598 0.9944 0.9982 1.0000 1.0000 1.0000 1.0000 1.0000
0.9733 0.9733 0.9972 0.9992 1.0000 1.0000 1.0000 1.0000 1.0000
0.9786 0.9786 0.9979 0.9994 1.0000 1.0000 1.0000 1.0000 1.0000
0.9839 0.9839 0.9986 0.9996 1.0000 1.0000 1.0000 1.0000 1.0000
0.9893 0.9893 0.9993 0.9998 1.0000 1.0000 1.0000 1.0000 1.0000
0.9946 0.9946 1.0000 1.0000 1.0000 1.0000 1.0000 1.0000 1.0000
0.9955 0.9955 1.0000 1.0000 1.0000 1.0000 1.0000 1.0000 1.0000
0.9964 0.9964 1.0000 1.0000 1.0000 1.0000 1.0000 1.0000 1.0000
0.9973 0.9973 1.0000 1.0000 1.0000 1.0000 1.0000 1.0000 1.0000
0.9982 0.9982 1.0000 1.0000 1.0000 1.0000 1.0000 1.0000 1.0000
0.9992 0.9992 1.0000 1.0000 1.0000 1.0000 1.0000 1.0000 1.0000
0.9994 0.9994 1.0000 1.0000 1.0000 1.0000 1.0000 1.0000 1.0000
0.9996 0.9996 1.0000 1.0000 1.0000 1.0000 1.0000 1.0000 1.0000
0.9998 0.9998 1.0000 1.0000 1.0000 1.0000 1.0000 1.0000 1.0000
1.0000 1.0000 1.0000 1.0000 1.0000 1.0000 1.0000 1.0000 1.0000
