1440
0 0.000000
1 0.120000
2 0.160000
3 0.160000
4 0.280000
5 0.080000
6 0.040000
7 0.160000
8 0.160000
9 0.200000
10 0.120000
11 0.120000
12 0.120000
13 0.120000
14 0.240000
15 0.120000
16 0.080000
17 0.120000
18 0.080000
19 0.080000
20 0.040000
21 0.160000
22 0.120000
23 0.160000
24 0.160000
25 0.080000
26 0.120000
27 0.080000
28 0.280000
29 0.160000
30 0.120000
31 0.360000
32 0.120000
33 0.240000
34 0.160000
35 0.120000
36 0.120000
37 0.160000
38 0.120000
39 0.200000
40 0.160000
41 0.160000
42 0.040000
43 0.160000
44 0.160000
45 0.080000
46 0.120000
47 0.200000
48 0.160000
49 0.080000
50 0.120000
51 0.200000
52 0.080000
53 0.200000
54 0.240000
55 0.200000
56 0.160000
57 0.040000
58 0.120000
59 0.160000
60 0.120000
61 0.200000
62 0.200000
63 0.240000
64 0.240000
65 0.120000
66 0.160000
67 0.120000
68 0.160000
69 0.120000
70 0.160000
71 0.080000
72 0.080000
73 0.160000
74 0.200000
75 0.240000
76 0.160000
77 0.160000
78 0.080000
79 0.120000
80 0.120000
81 0.200000
82 0.200000
83 0.120000
84 0.200000
85 0.080000
86 0.120000
87 0.080000
88 0.200000
89 0.200000
90 0.120000
91 0.240000
92 0.080000
93 0.040000
94 0.080000
95 0.160000
96 0.040000
97 0.120000
98 0.040000
99 0.160000
100 0.240000
101 0.160000
102 0.160000
103 0.080000
104 0.120000
105 0.160000
106 0.240000
107 0.120000
108 0.280000
109 0.040000
110 0.160000
111 0.160000
112 0.040000
113 0.120000
114 0.320000
115 0.080000
116 0.160000
117 0.120000
118 0.080000
119 0.080000
120 0.120000
121 0.280000
122 0.200000
123 0.280000
124 0.160000
125 0.200000
126 0.040000
127 0.080000
128 0.160000
129 0.080000
130 0.160000
131 0.120000
132 0.120000
133 0.080000
134 0.160000
135 0.240000
136 0.120000
137 0.120000
138 0.080000
139 0.080000
140 0.160000
141 0.160000
142 0.240000
143 0.200000
144 0.120000
145 0.200000
146 0.320000
147 0.200000
148 0.080000
149 0.200000
150 0.120000
151 0.120000
152 0.120000
153 0.280000
154 0.160000
155 0.160000
156 0.120000
157 0.160000
158 0.120000
159 0.080000
160 0.200000
161 0.080000
162 0.080000
163 0.080000
164 0.240000
165 0.160000
166 0.080000
167 0.080000
168 0.040000
169 0.000000
170 0.120000
171 0.120000
172 0.160000
173 0.160000
174 0.160000
175 0.200000
176 0.200000
177 0.280000
178 0.120000
179 0.160000
180 0.240000
181 0.240000
182 0.080000
183 0.280000
184 0.160000
185 0.160000
186 0.200000
187 0.160000
188 0.160000
189 0.120000
190 0.200000
191 0.120000
192 0.120000
193 0.080000
194 0.160000
195 0.160000
196 0.120000
197 0.080000
198 0.080000
199 0.200000
200 0.080000
201 0.200000
202 0.160000
203 0.120000
204 0.160000
205 0.120000
206 0.120000
207 0.120000
208 0.080000
209 0.120000
210 0.160000
211 0.160000
212 0.200000
213 0.040000
214 0.080000
215 0.120000
216 0.160000
217 0.120000
218 0.200000
219 0.240000
220 0.080000
221 0.160000
222 0.120000
223 0.160000
224 0.200000
225 0.240000
226 0.160000
227 0.200000
228 0.080000
229 0.120000
230 0.280000
231 0.160000
232 0.040000
233 0.280000
234 0.240000
235 0.120000
236 0.120000
237 0.160000
238 0.080000
239 0.080000
240 0.200000
241 0.280000
242 0.160000
243 0.160000
244 0.120000
245 0.120000
246 0.080000
247 0.200000
248 0.200000
249 0.200000
250 0.080000
251 0.240000
252 0.240000
253 0.160000
254 0.200000
255 0.080000
256 0.120000
257 0.240000
258 0.040000
259 0.160000
260 0.080000
261 0.200000
262 0.080000
263 0.120000
264 0.240000
265 0.120000
266 0.080000
267 0.240000
268 0.240000
269 0.240000
270 0.120000
271 0.240000
272 0.120000
273 0.040000
274 0.080000
275 0.120000
276 0.120000
277 0.280000
278 0.160000
279 0.240000
280 0.120000
281 0.080000
282 0.160000
283 0.080000
284 0.280000
285 0.160000
286 0.080000
287 0.120000
288 0.080000
289 0.160000
290 0.080000
291 0.120000
292 0.200000
293 0.080000
294 0.040000
295 0.120000
296 0.160000
297 0.160000
298 0.240000
299 0.160000
300 0.120000
301 0.160000
302 0.080000
303 0.120000
304 0.080000
305 0.240000
306 0.280000
307 0.080000
308 0.160000
309 0.120000
310 0.200000
311 0.040000
312 0.080000
313 0.160000
314 0.160000
315 0.040000
316 0.160000
317 0.080000
318 0.160000
319 0.160000
320 0.200000
321 0.320000
322 0.160000
323 0.120000
324 0.120000
325 0.120000
326 0.120000
327 0.080000
328 0.120000
329 0.200000
330 0.040000
331 0.200000
332 0.240000
333 0.120000
334 0.080000
335 0.160000
336 0.200000
337 0.080000
338 0.120000
339 0.160000
340 0.160000
341 0.240000
342 0.160000
343 0.160000
344 0.040000
345 0.280000
346 0.040000
347 0.160000
348 0.040000
349 0.160000
350 0.160000
351 0.120000
352 0.160000
353 0.160000
354 0.120000
355 0.200000
356 0.200000
357 0.200000
358 0.120000
359 0.200000
360 0.320000
361 0.200000
362 0.120000
363 0.080000
364 0.120000
365 0.120000
366 0.240000
367 0.200000
368 0.120000
369 0.080000
370 0.200000
371 0.160000
372 0.360000
373 0.200000
374 0.160000
375 0.200000
376 0.200000
377 0.120000
378 0.160000
379 0.120000
380 0.120000
381 0.200000
382 0.200000
383 0.200000
384 0.120000
385 0.160000
386 0.080000
387 0.200000
388 0.160000
389 0.160000
390 0.160000
391 0.280000
392 0.120000
393 0.120000
394 0.240000
395 0.120000
396 0.160000
397 0.080000
398 0.080000
399 0.160000
400 0.120000
401 0.240000
402 0.280000
403 0.160000
404 0.200000
405 0.120000
406 0.040000
407 0.240000
408 0.160000
409 0.160000
410 0.120000
411 0.120000
412 0.040000
413 0.160000
414 0.200000
415 0.240000
416 0.200000
417 0.040000
418 0.120000
419 0.200000
420 0.200000
421 0.000000
422 0.240000
423 0.160000
424 0.200000
425 0.080000
426 0.080000
427 0.200000
428 0.280000
429 0.120000
430 0.040000
431 0.160000
432 0.200000
433 0.200000
434 0.200000
435 0.080000
436 0.120000
437 0.240000
438 0.280000
439 0.280000
440 0.200000
441 0.080000
442 0.200000
443 0.040000
444 0.160000
445 0.120000
446 0.120000
447 0.120000
448 0.080000
449 0.160000
450 0.200000
451 0.160000
452 0.120000
453 0.280000
454 0.200000
455 0.080000
456 0.120000
457 0.360000
458 0.080000
459 0.120000
460 0.120000
461 0.080000
462 0.160000
463 0.080000
464 0.200000
465 0.160000
466 0.160000
467 0.120000
468 0.080000
469 0.040000
470 0.080000
471 0.160000
472 0.120000
473 0.040000
474 0.160000
475 0.160000
476 0.160000
477 0.160000
478 0.080000
479 0.160000
480 0.120000
481 0.040000
482 0.160000
483 0.160000
484 0.200000
485 0.240000
486 0.120000
487 0.200000
488 0.080000
489 0.240000
490 0.160000
491 0.160000
492 0.080000
493 0.040000
494 0.080000
495 0.160000
496 0.200000
497 0.160000
498 0.200000
499 0.120000
500 0.040000
501 0.160000
502 0.120000
503 0.120000
504 0.240000
505 0.240000
506 0.200000
507 0.200000
508 0.120000
509 0.200000
510 0.080000
511 0.240000
512 0.160000
513 0.120000
514 0.080000
515 0.120000
516 0.200000
517 0.160000
518 0.040000
519 0.080000
520 0.200000
521 0.120000
522 0.160000
523 0.120000
524 0.160000
525 0.120000
526 0.040000
527 0.160000
528 0.120000
529 0.200000
530 0.080000
531 0.080000
532 0.040000
533 0.160000
534 0.080000
535 0.240000
536 0.240000
537 0.120000
538 0.160000
539 0.120000
540 0.160000
541 0.080000
542 0.160000
543 0.240000
544 0.200000
545 0.040000
546 0.120000
547 0.160000
548 0.040000
549 0.200000
550 0.160000
551 0.080000
552 0.080000
553 0.160000
554 0.120000
555 0.200000
556 0.040000
557 0.040000
558 0.040000
559 0.120000
560 0.200000
561 0.160000
562 0.000000
563 0.200000
564 0.240000
565 0.160000
566 0.120000
567 0.040000
568 0.160000
569 0.200000
570 0.080000
571 0.160000
572 0.240000
573 0.080000
574 0.080000
575 0.120000
576 0.120000
577 0.120000
578 0.200000
579 0.120000
580 0.200000
581 0.040000
582 0.120000
583 0.320000
584 0.160000
585 0.080000
586 0.200000
587 0.280000
588 0.000000
589 0.160000
590 0.240000
591 0.080000
592 0.120000
593 0.240000
594 0.160000
595 0.120000
596 0.120000
597 0.080000
598 0.120000
599 0.160000
600 0.120000
601 0.120000
602 0.280000
603 0.040000
604 0.080000
605 0.160000
606 0.120000
607 0.280000
608 0.120000
609 0.080000
610 0.160000
611 0.120000
612 0.160000
613 0.160000
614 0.120000
615 0.080000
616 0.200000
617 0.080000
618 0.160000
619 0.200000
620 0.120000
621 0.160000
622 0.040000
623 0.240000
624 0.120000
625 0.240000
626 0.160000
627 0.240000
628 0.160000
629 0.240000
630 0.120000
631 0.160000
632 0.240000
633 0.080000
634 0.160000
635 0.320000
636 0.240000
637 0.200000
638 0.080000
639 0.200000
640 0.280000
641 0.200000
642 0.080000
643 0.360000
644 0.200000
645 0.040000
646 0.080000
647 0.200000
648 0.280000
649 0.120000
650 0.200000
651 0.240000
652 0.080000
653 0.080000
654 0.160000
655 0.120000
656 0.080000
657 0.120000
658 0.240000
659 0.040000
660 0.280000
661 0.080000
662 0.160000
663 0.120000
664 0.080000
665 0.120000
666 0.080000
667 0.200000
668 0.120000
669 0.120000
670 0.160000
671 0.120000
672 0.240000
673 0.160000
674 0.120000
675 0.200000
676 0.240000
677 0.200000
678 0.120000
679 0.120000
680 0.160000
681 0.080000
682 0.160000
683 0.080000
684 0.040000
685 0.120000
686 0.160000
687 0.120000
688 0.240000
689 0.120000
690 0.240000
691 0.200000
692 0.240000
693 0.160000
694 0.080000
695 0.000000
696 0.320000
697 0.200000
698 0.240000
699 0.200000
700 0.120000
701 0.200000
702 0.040000
703 0.160000
704 0.240000
705 0.080000
706 0.200000
707 0.080000
708 0.200000
709 0.160000
710 0.200000
711 0.280000
712 0.160000
713 0.120000
714 0.320000
715 0.240000
716 0.160000
717 0.080000
718 0.040000
719 0.040000
720 0.120000
721 0.120000
722 0.160000
723 0.280000
724 0.200000
725 0.240000
726 0.200000
727 0.280000
728 0.200000
729 0.160000
730 0.080000
731 0.200000
732 0.200000
733 0.120000
734 0.160000
735 0.160000
736 0.160000
737 0.040000
738 0.280000
739 0.160000
740 0.240000
741 0.120000
742 0.160000
743 0.080000
744 0.080000
745 0.120000
746 0.200000
747 0.160000
748 0.240000
749 0.160000
750 0.120000
751 0.040000
752 0.080000
753 0.040000
754 0.120000
755 0.040000
756 0.160000
757 0.120000
758 0.120000
759 0.160000
760 0.120000
761 0.080000
762 0.240000
763 0.200000
764 0.080000
765 0.160000
766 0.120000
767 0.200000
768 0.200000
769 0.240000
770 0.040000
771 0.160000
772 0.160000
773 0.240000
774 0.040000
775 0.360000
776 0.200000
777 0.120000
778 0.200000
779 0.160000
780 0.080000
781 0.240000
782 0.240000
783 0.200000
784 0.160000
785 0.160000
786 0.280000
787 0.120000
788 0.160000
789 0.120000
790 0.080000
791 0.080000
792 0.280000
793 0.120000
794 0.200000
795 0.280000
796 0.160000
797 0.120000
798 0.200000
799 0.200000
800 0.080000
801 0.120000
802 0.080000
803 0.120000
804 0.320000
805 0.200000
806 0.120000
807 0.080000
808 0.120000
809 0.160000
810 0.280000
811 0.240000
812 0.120000
813 0.120000
814 0.240000
815 0.280000
816 0.160000
817 0.200000
818 0.320000
819 0.040000
820 0.120000
821 0.160000
822 0.080000
823 0.120000
824 0.120000
825 0.280000
826 0.080000
827 0.200000
828 0.240000
829 0.200000
830 0.080000
831 0.160000
832 0.040000
833 0.120000
834 0.200000
835 0.120000
836 0.000000
837 0.200000
838 0.240000
839 0.160000
840 0.120000
841 0.200000
842 0.040000
843 0.160000
844 0.080000
845 0.080000
846 0.120000
847 0.280000
848 0.160000
849 0.080000
850 0.000000
851 0.240000
852 0.120000
853 0.200000
854 0.160000
855 0.080000
856 0.120000
857 0.200000
858 0.160000
859 0.240000
860 0.120000
861 0.000000
862 0.080000
863 0.160000
864 0.040000
865 0.120000
866 0.160000
867 0.160000
868 0.280000
869 0.040000
870 0.160000
871 0.040000
872 0.160000
873 0.240000
874 0.160000
875 0.120000
876 0.080000
877 0.280000
878 0.160000
879 0.160000
880 0.160000
881 0.080000
882 0.120000
883 0.200000
884 0.160000
885 0.200000
886 0.240000
887 0.120000
888 0.240000
889 0.200000
890 0.120000
891 0.160000
892 0.160000
893 0.240000
894 0.200000
895 0.200000
896 0.120000
897 0.120000
898 0.200000
899 0.040000
900 0.040000
901 0.120000
902 0.160000
903 0.160000
904 0.120000
905 0.080000
906 0.320000
907 0.160000
908 0.200000
909 0.200000
910 0.080000
911 0.200000
912 0.120000
913 0.120000
914 0.200000
915 0.160000
916 0.120000
917 0.040000
918 0.000000
919 0.040000
920 0.080000
921 0.240000
922 0.280000
923 0.120000
924 0.120000
925 0.120000
926 0.160000
927 0.040000
928 0.120000
929 0.120000
930 0.160000
931 0.200000
932 0.120000
933 0.160000
934 0.080000
935 0.120000
936 0.160000
937 0.240000
938 0.080000
939 0.000000
940 0.200000
941 0.280000
942 0.120000
943 0.280000
944 0.040000
945 0.320000
946 0.160000
947 0.080000
948 0.040000
949 0.160000
950 0.080000
951 0.080000
952 0.160000
953 0.120000
954 0.040000
955 0.120000
956 0.160000
957 0.320000
958 0.120000
959 0.080000
960 0.000000
961 0.080000
962 0.120000
963 0.080000
964 0.280000
965 0.200000
966 0.200000
967 0.160000
968 0.240000
969 0.160000
970 0.080000
971 0.120000
972 0.160000
973 0.200000
974 0.120000
975 0.120000
976 0.160000
977 0.120000
978 0.080000
979 0.080000
980 0.160000
981 0.120000
982 0.120000
983 0.200000
984 0.160000
985 0.080000
986 0.200000
987 0.120000
988 0.160000
989 0.120000
990 0.160000
991 0.160000
992 0.200000
993 0.160000
994 0.040000
995 0.240000
996 0.160000
997 0.200000
998 0.120000
999 0.200000
1000 0.280000
1001 0.200000
1002 0.120000
1003 0.160000
1004 0.120000
1005 0.080000
1006 0.160000
1007 0.120000
1008 0.320000
1009 0.080000
1010 0.200000
1011 0.040000
1012 0.080000
1013 0.080000
1014 0.080000
1015 0.120000
1016 0.240000
1017 0.200000
1018 0.080000
1019 0.160000
1020 0.080000
1021 0.040000
1022 0.080000
1023 0.120000
1024 0.080000
1025 0.240000
1026 0.080000
1027 0.040000
1028 0.120000
1029 0.120000
1030 0.240000
1031 0.200000
1032 0.200000
1033 0.240000
1034 0.120000
1035 0.280000
1036 0.160000
1037 0.120000
1038 0.080000
1039 0.200000
1040 0.200000
1041 0.240000
1042 0.120000
1043 0.080000
1044 0.040000
1045 0.120000
1046 0.160000
1047 0.240000
1048 0.120000
1049 0.200000
1050 0.160000
1051 0.120000
1052 0.240000
1053 0.080000
1054 0.120000
1055 0.080000
1056 0.200000
1057 0.040000
1058 0.120000
1059 0.080000
1060 0.160000
1061 0.160000
1062 0.160000
1063 0.160000
1064 0.200000
1065 0.200000
1066 0.120000
1067 0.200000
1068 0.160000
1069 0.200000
1070 0.160000
1071 0.040000
1072 0.240000
1073 0.280000
1074 0.280000
1075 0.120000
1076 0.200000
1077 0.320000
1078 0.120000
1079 0.200000
1080 0.200000
1081 0.200000
1082 0.080000
1083 0.120000
1084 0.240000
1085 0.160000
1086 0.120000
1087 0.120000
1088 0.160000
1089 0.280000
1090 0.160000
1091 0.200000
1092 0.120000
1093 0.160000
1094 0.280000
1095 0.120000
1096 0.120000
1097 0.160000
1098 0.120000
1099 0.120000
1100 0.160000
1101 0.040000
1102 0.040000
1103 0.080000
1104 0.160000
1105 0.200000
1106 0.040000
1107 0.160000
1108 0.200000
1109 0.240000
1110 0.080000
1111 0.240000
1112 0.160000
1113 0.040000
1114 0.040000
1115 0.160000
1116 0.240000
1117 0.120000
1118 0.160000
1119 0.120000
1120 0.160000
1121 0.160000
1122 0.200000
1123 0.080000
1124 0.240000
1125 0.160000
1126 0.080000
1127 0.200000
1128 0.080000
1129 0.160000
1130 0.120000
1131 0.200000
1132 0.040000
1133 0.080000
1134 0.240000
1135 0.120000
1136 0.120000
1137 0.240000
1138 0.120000
1139 0.120000
1140 0.240000
1141 0.200000
1142 0.200000
1143 0.200000
1144 0.280000
1145 0.160000
1146 0.200000
1147 0.120000
1148 0.080000
1149 0.120000
1150 0.200000
1151 0.120000
1152 0.040000
1153 0.120000
1154 0.120000
1155 0.080000
1156 0.080000
1157 0.160000
1158 0.240000
1159 0.200000
1160 0.080000
1161 0.040000
1162 0.080000
1163 0.120000
1164 0.080000
1165 0.080000
1166 0.120000
1167 0.160000
1168 0.160000
1169 0.240000
1170 0.080000
1171 0.120000
1172 0.120000
1173 0.160000
1174 0.200000
1175 0.120000
1176 0.200000
1177 0.120000
1178 0.160000
1179 0.160000
1180 0.120000
1181 0.120000
1182 0.000000
1183 0.080000
1184 0.120000
1185 0.080000
1186 0.160000
1187 0.200000
1188 0.160000
1189 0.160000
1190 0.200000
1191 0.160000
1192 0.080000
1193 0.040000
1194 0.280000
1195 0.040000
1196 0.080000
1197 0.200000
1198 0.120000
1199 0.080000
1200 0.000000
1201 0.160000
1202 0.160000
1203 0.200000
1204 0.160000
1205 0.200000
1206 0.160000
1207 0.240000
1208 0.200000
1209 0.160000
1210 0.080000
1211 0.120000
1212 0.160000
1213 0.280000
1214 0.200000
1215 0.120000
1216 0.120000
1217 0.160000
1218 0.240000
1219 0.200000
1220 0.160000
1221 0.040000
1222 0.160000
1223 0.120000
1224 0.120000
1225 0.080000
1226 0.080000
1227 0.080000
1228 0.240000
1229 0.160000
1230 0.040000
1231 0.120000
1232 0.120000
1233 0.120000
1234 0.200000
1235 0.240000
1236 0.120000
1237 0.160000
1238 0.040000
1239 0.080000
1240 0.160000
1241 0.120000
1242 0.200000
1243 0.240000
1244 0.160000
1245 0.200000
1246 0.200000
1247 0.120000
1248 0.080000
1249 0.120000
1250 0.080000
1251 0.200000
1252 0.280000
1253 0.200000
1254 0.200000
1255 0.120000
1256 0.240000
1257 0.120000
1258 0.160000
1259 0.200000
1260 0.280000
1261 0.080000
1262 0.080000
1263 0.120000
1264 0.120000
1265 0.200000
1266 0.000000
1267 0.160000
1268 0.080000
1269 0.200000
1270 0.040000
1271 0.120000
1272 0.040000
1273 0.200000
1274 0.160000
1275 0.280000
1276 0.240000
1277 0.160000
1278 0.040000
1279 0.160000
1280 0.080000
1281 0.200000
1282 0.120000
1283 0.120000
1284 0.080000
1285 0.080000
1286 0.120000
1287 0.240000
1288 0.080000
1289 0.200000
1290 0.120000
1291 0.080000
1292 0.200000
1293 0.160000
1294 0.160000
1295 0.160000
1296 0.200000
1297 0.120000
1298 0.040000
1299 0.080000
1300 0.160000
1301 0.240000
1302 0.280000
1303 0.000000
1304 0.040000
1305 0.120000
1306 0.120000
1307 0.200000
1308 0.240000
1309 0.080000
1310 0.120000
1311 0.120000
1312 0.120000
1313 0.160000
1314 0.040000
1315 0.080000
1316 0.280000
1317 0.160000
1318 0.040000
1319 0.080000
1320 0.160000
1321 0.080000
1322 0.080000
1323 0.080000
1324 0.200000
1325 0.280000
1326 0.160000
1327 0.160000
1328 0.160000
1329 0.280000
1330 0.040000
1331 0.040000
1332 0.120000
1333 0.240000
1334 0.280000
1335 0.200000
1336 0.320000
1337 0.120000
1338 0.120000
1339 0.240000
1340 0.160000
1341 0.200000
1342 0.200000
1343 0.280000
1344 0.120000
1345 0.160000
1346 0.240000
1347 0.080000
1348 0.040000
1349 0.160000
1350 0.000000
1351 0.080000
1352 0.080000
1353 0.240000
1354 0.080000
1355 0.200000
1356 0.080000
1357 0.160000
1358 0.040000
1359 0.240000
1360 0.240000
1361 0.120000
1362 0.320000
1363 0.200000
1364 0.280000
1365 0.160000
1366 0.080000
1367 0.000000
1368 0.080000
1369 0.160000
1370 0.160000
1371 0.080000
1372 0.200000
1373 0.080000
1374 0.120000
1375 0.200000
1376 0.080000
1377 0.080000
1378 0.080000
1379 0.080000
1380 0.120000
1381 0.080000
1382 0.160000
1383 0.120000
1384 0.320000
1385 0.120000
1386 0.240000
1387 0.080000
1388 0.080000
1389 0.240000
1390 0.200000
1391 0.160000
1392 0.200000
1393 0.080000
1394 0.080000
1395 0.160000
1396 0.120000
1397 0.080000
1398 0.120000
1399 0.120000
1400 0.120000
1401 0.160000
1402 0.240000
1403 0.120000
1404 0.000000
1405 0.040000
1406 0.200000
1407 0.160000
1408 0.080000
1409 0.200000
1410 0.120000
1411 0.240000
1412 0.120000
1413 0.080000
1414 0.280000
1415 0.080000
1416 0.160000
1417 0.240000
1418 0.240000
1419 0.200000
1420 0.040000
1421 0.160000
1422 0.120000
1423 0.240000
1424 0.120000
1425 0.240000
1426 0.200000
1427 0.160000
1428 0.080000
1429 0.120000
1430 0.160000
1431 0.160000
1432 0.120000
1433 0.240000
1434 0.120000
1435 0.320000
1436 0.080000
1437 0.160000
1438 0.240000
1439 0.120000
1440 0.160000
