191 6
0.0000 0.0000 0.0000 0.0000 0.0000 0.0000
0.0004 0.0004 0.0007 0.0009 0.0012 0.0015
0.0008 0.0008 0.0013 0.0018 0.0024 0.0029
0.0012 0.0012 0.0019 0.0027 0.0035 0.0042
0.0015 0.0015 0.0025 0.0035 0.0045 0.0055
0.0019 0.0019 0.0031 0.0043 0.0056 0.0068
0.0037 0.0037 0.0062 0.0087 0.0112 0.0137
0.0055 0.0055 0.0092 0.0129 0.0167 0.0204
0.0072 0.0072 0.0121 0.0170 0.0219 0.0268
0.0122 0.0122 0.0208 0.0294 0.0380 0.0466
0.0170 0.0170 0.0293 0.0416 0.0538 0.0661
0.0239 0.0239 0.0402 0.0565 0.0728 0.0891
0.0306 0.0306 0.0507 0.0709 0.0911 0.1113
0.0369 0.0369 0.0608 0.0847 0.1086 0.1325
0.0461 0.0461 0.0753 0.1044 0.1335 0.1627
0.0550 0.0550 0.0891 0.1233 0.1574 0.1916
0.0663 0.0663 0.1052 0.1441 0.1834 0.2220
0.0771 0.0771 0.1211 0.1665 0.2096 0.2512
0.0875 0.0875 0.1386 0.1888 0.2359 0.2792
0.0988 0.0988 0.1595 0.2149 0.2653 0.3076
0.1097 0.1097 0.1795 0.2398 0.2935 0.3349
0.1241 0.1241 0.2045 0.2665 0.3208 0.3616
0.1413 0.1413 0.2308 0.2922 0.3470 0.3872
0.1582 0.1582 0.2560 0.3173 0.3722 0.4118
0.1758 0.1758 0.2801 0.3415 0.3974 0.4357
0.1930 0.1930 0.3033 0.3660 0.4215 0.4585
0.2159 0.2159 0.3294 0.3896 0.4447 0.4806
0.2378 0.2378 0.3543 0.4130 0.4670 0.5017
0.2589 0.2589 0.3783 0.4354 0.4883 0.5220
0.2839 0.2839 0.4012 0.4573 0.5092 0.5415
0.3078 0.3078 0.4232 0.4793 0.5291 0.5602
0.3308 0.3308 0.4461 0.5002 0.5483 0.5782
0.3529 0.3529 0.4679 0.5202 0.5667 0.5954
0.3741 0.3741 0.4889 0.5394 0.5843 0.6119
0.3973 0.3973 0.5091 0.5579 0.6012 0.6277
0.4197 0.4197 0.5284 0.5756 0.6175 0.6429
0.4411 0.4411 0.5475 0.5919 0.6331 0.6575
0.4616 0.4616 0.5659 0.6094 0.6481 0.6715
0.4813 0.4813 0.5835 0.6244 0.6625 0.6849
0.5018 0.5018 0.6003 0.6397 0.6762 0.6978
0.5214 0.5214 0.6165 0.6543 0.6894 0.7101
0.5403 0.5403 0.6322 0.6684 0.7021 0.7219
0.5583 0.5583 0.6472 0.6819 0.7143 0.7333
0.5757 0.5757 0.6616 0.6956 0.7259 0.7442
0.5929 0.5929 0.6754 0.7074 0.7371 0.7546
0.6094 0.6094 0.6886 0.7200 0.7479 0.7646
0.6252 0.6252 0.7013 0.7308 0.7581 0.7742
0.6404 0.6404 0.7135 0.7424 0.7680 0.7834
0.6549 0.6549 0.7252 0.7523 0.7775 0.7923
0.6690 0.6690 0.7364 0.7624 0.7866 0.8007
0.6825 0.6825 0.7472 0.7726 0.7953 0.8089
0.6955 0.6955 0.7575 0.7814 0.8036 0.8167
0.7079 0.7079 0.7674 0.7903 0.8116 0.8242
0.7198 0.7198 0.7769 0.7989 0.8193 0.8313
0.7312 0.7312 0.7860 0.8071 0.8267 0.8382
0.7422 0.7422 0.7947 0.8150 0.8338 0.8448
0.7527 0.7527 0.8031 0.8225 0.8406 0.8512
0.7628 0.7628 0.8111 0.8302 0.8471 0.8572
0.7725 0.7725 0.8189 0.8367 0.8533 0.8631
0.7818 0.7818 0.8262 0.8434 0.8593 0.8686
0.7907 0.7907 0.8333 0.8498 0.8650 0.8740
0.7992 0.7992 0.8401 0.8559 0.8705 0.8791
0.8074 0.8074 0.8467 0.8621 0.8758 0.8841
0.8153 0.8153 0.8529 0.8674 0.8809 0.8888
0.8228 0.8228 0.8589 0.8731 0.8858 0.8933
0.8301 0.8301 0.8647 0.8780 0.8904 0.8977
0.8370 0.8370 0.8702 0.8830 0.8949 0.9019
0.8436 0.8436 0.8755 0.8880 0.8992 0.9059
0.8500 0.8500 0.8806 0.8923 0.9033 0.9097
0.8561 0.8561 0.8855 0.8967 0.9072 0.9134
0.8620 0.8620 0.8901 0.9012 0.9110 0.9169
0.8676 0.8676 0.8946 0.9050 0.9147 0.9203
0.8730 0.8730 0.8989 0.9053 0.9181 0.9236
0.8782 0.8782 0.9030 0.9128 0.9215 0.9267
0.8832 0.8832 0.9070 0.9162 0.9247 0.9297
0.8880 0.8880 0.9108 0.9198 0.9278 0.9326
0.8925 0.8925 0.9144 0.9230 0.9307 0.9353
0.8969 0.8969 0.9179 0.9233 0.9335 0.9380
0.9011 0.9011 0.9213 0.9262 0.9362 0.9405
0.9052 0.9052 0.9245 0.9319 0.9388 0.9429
0.9090 0.9090 0.9276 0.9347 0.9413 0.9452
0.9127 0.9127 0.9305 0.9374 0.9437 0.9475
0.9163 0.9163 0.9334 0.9399 0.9460 0.9496
0.9197 0.9197 0.9361 0.9424 0.9482 0.9517
0.9230 0.9230 0.9387 0.9449 0.9503 0.9536
0.9261 0.9261 0.9412 0.9470 0.9524 0.9555
0.9292 0.9292 0.9436 0.9491 0.9543 0.9574
0.9320 0.9320 0.9459 0.9491 0.9562 0.9591
0.9348 0.9348 0.9481 0.9514 0.9580 0.9608
0.9375 0.9375 0.9502 0.9551 0.9597 0.9624
0.9400 0.9400 0.9522 0.9570 0.9613 0.9639
0.9425 0.9425 0.9542 0.9587 0.9629 0.9654
0.9448 0.9448 0.9561 0.9587 0.9644 0.9668
0.9471 0.9471 0.9579 0.9605 0.9659 0.9681
0.9492 0.9492 0.9596 0.9605 0.9673 0.9694
0.9513 0.9513 0.9612 0.9617 0.9686 0.9707
0.9533 0.9533 0.9628 0.9628 0.9699 0.9719
0.9552 0.9552 0.9643 0.9643 0.9711 0.9730
0.9570 0.9570 0.9658 0.9666 0.9723 0.9741
0.9588 0.9588 0.9672 0.9692 0.9734 0.9752
0.9605 0.9605 0.9685 0.9692 0.9745 0.9762
0.9621 0.9621 0.9698 0.9717 0.9755 0.9772
0.9636 0.9636 0.9710 0.9717 0.9765 0.9781
0.9651 0.9651 0.9722 0.9722 0.9775 0.9790
0.9665 0.9665 0.9722 0.9733 0.9784 0.9799
0.9679 0.9679 0.9744 0.9760 0.9793 0.9807
0.9692 0.9692 0.9744 0.9760 0.9801 0.9815
0.9705 0.9705 0.9765 0.9780 0.9810 0.9822
0.9717 0.9717 0.9765 0.9789 0.9817 0.9829
0.9728 0.9728 0.9784 0.9789 0.9825 0.9836
0.9739 0.9739 0.9784 0.9792 0.9832 0.9843
0.9750 0.9750 0.9801 0.9801 0.9839 0.9849
0.9760 0.9760 0.9809 0.9809 0.9845 0.9856
0.9770 0.9770 0.9817 0.9817 0.9852 0.9862
0.9779 0.9779 0.9824 0.9824 0.9858 0.9867
0.9788 0.9788 0.9831 0.9848 0.9864 0.9873
0.9797 0.9797 0.9838 0.9848 0.9869 0.9878
0.9805 0.9805 0.9838 0.9848 0.9874 0.9883
0.9813 0.9813 0.9851 0.9861 0.9880 0.9888
0.9821 0.9821 0.9857 0.9861 0.9884 0.9892
0.9829 0.9829 0.9864 0.9864 0.9890 0.9897
0.9836 0.9836 0.9869 0.9869 0.9895 0.9901
0.9843 0.9843 0.9875 0.9875 0.9899 0.9905
0.9849 0.9849 0.9880 0.9880 0.9903 0.9909
0.9855 0.9855 0.9885 0.9885 0.9907 0.9913
0.9864 0.9864 0.9892 0.9907 0.9920 0.9930
0.9869 0.9869 0.9897 0.9911 0.9923 0.9933
0.9874 0.9874 0.9901 0.9914 0.9926 0.9936
0.9885 0.9885 0.9912 0.9930 0.9945 0.9959
0.9890 0.9890 0.9915 0.9932 0.9947 0.9961
0.9898 0.9898 0.9915 0.9942 0.9958 0.9970
0.9902 0.9902 0.9927 0.9945 0.9960 0.9971
0.9906 0.9906 0.9927 0.9947 0.9962 0.9972
0.9915 0.9915 0.9927 0.9965 0.9980 0.9990
0.9919 0.9919 0.9927 0.9967 0.9981 0.9990
0.9927 0.9927 0.9962 0.9977 0.9981 0.9995
0.9930 0.9930 0.9964 0.9977 0.9981 0.9995
0.9933 0.9933 0.9965 0.9977 0.9981 0.9995
0.9938 0.9938 0.9973 0.9986 0.9996 0.9998
0.9940 0.9940 0.9973 0.9987 0.9996 0.9998
0.9950 0.9950 0.9973 0.9993 0.9996 1.0000
0.9952 0.9952 0.9973 0.9993 0.9996 1.0000
0.9954 0.9954 0.9987 0.9993 0.9996 1.0000
0.9969 0.9969 0.9987 0.9993 1.0000 1.0000
0.9970 0.9970 0.9988 0.9993 1.0000 1.0000
0.9977 0.9977 0.9988 0.9993 1.0000 1.0000
0.9978 0.9978 0.9988 0.9993 1.0000 1.0000
0.9979 0.9979 0.9988 0.9993 1.0000 1.0000
0.9988 0.9988 0.9988 0.9999 1.0000 1.0000
0.9988 0.9988 0.9988 0.9999 1.0000 1.0000
0.9989 0.9989 0.9998 1.0000 1.0000 1.0000
0.9989 0.9989 0.9999 1.0000 1.0000 1.0000
0.9990 0.9990 0.9999 1.0000 1.0000 1.0000
0.9995 0.9995 0.9999 1.0000 1.0000 1.0000
0.9995 0.9995 0.9999 1.0000 1.0000 1.0000
0.9995 0.9995 1.0000 1.0000 1.0000 1.0000
0.9996 0.9996 1.0000 1.0000 1.0000 1.0000
0.9996 0.9996 1.0000 1.0000 1.0000 1.0000
0.9999 0.9999 1.0000 1.0000 1.0000 1.0000
0.9999 0.9999 1.0000 1.0000 1.0000 1.0000
0.9999 0.9999 1.0000 1.0000 1.0000 1.0000
0.9999 0.9999 1.0000 1.0000 1.0000 1.0000
0.9999 0.9999 1.0000 1.0000 1.0000 1.0000
1.0000 1.0000 1.0000 1.0000 1.0000 1.0000
1.0000 1.0000 1.0000 1.0000 1.0000 1.0000
1.0000 1.0000 1.0000 1.0000 1.0000 1.0000
1.0000 1.0000 1.0000 1.0000 1.0000 1.0000
1.0000 1.0000 1.0000 1.0000 1.0000 1.0000
1.0000 1.0000 1.0000 1.0000 1.0000 1.0000
1.0000 1.0000 1.0000 1.0000 1.0000 1.0000
1.0000 1.0000 1.0000 1.0000 1.0000 1.0000
1.0000 1.0000 1.0000 1.0000 1.0000 1.0000
1.0000 1.0000 1.0000 1.0000 1.0000 1.0000
1.0000 1.0000 1.0000 1.0000 1.0000 1.0000
1.0000 1.0000 1.0000 1.0000 1.0000 1.0000
1.0000 1.0000 1.0000 1.0000 1.0000 1.0000
1.0000 1.0000 1.0000 1.0000 1.0000 1.0000
1.0000 1.0000 1.0000 1.0000 1.0000 1.0000
1.0000 1.0000 1.0000 1.0000 1.0000 1.0000
1.0000 1.0000 1.0000 1.0000 1.0000 1.0000
1.0000 1.0000 1.0000 1.0000 1.0000 1.0000
1.0000 1.0000 1.0000 1.0000 1.0000 1.0000
1.0000 1.0000 1.0000 1.0000 1.0000 1.0000
1.0000 1.0000 1.0000 1.0000 1.0000 1.0000
1.0000 1.0000 1.0000 1.0000 1.0000 1.0000
1.0000 1.0000 1.0000 1.0000 1.0000 1.0000
1.0000 1.0000 1.0000 1.0000 1.0000 1.0000
1.0000 1.0000 1.0000 1.0000 1.0000 1.0000
1.0000 1.0000 1.0000 1.0000 1.0000 1.0000
1.0000 1.0000 1.0000 1.0000 1.0000 1.0000
1.0000 1.0000 1.0000 1.0000 1.0000 1.0000
