184 7
0.0000 0.0000 0.0000 0.0000 0.0000 0.0000 0.0000
0.0004 0.0004 0.0008 0.0012 0.0014 0.0017 0.0019
0.0008 0.0008 0.0017 0.0023 0.0028 0.0033 0.0038
0.0012 0.0012 0.0024 0.0034 0.0042 0.0049 0.0056
0.0016 0.0016 0.0032 0.0045 0.0054 0.0064 0.0073
0.0020 0.0020 0.0039 0.0055 0.0066 0.0078 0.0089
0.0039 0.0039 0.0078 0.0110 0.0133 0.0155 0.0177
0.0058 0.0058 0.0116 0.0164 0.0197 0.0230 0.0263
0.0082 0.0082 0.0164 0.0227 0.0270 0.0314 0.0357
0.0105 0.0105 0.0210 0.0287 0.0340 0.0394 0.0447
0.0160 0.0160 0.0316 0.0416 0.0506 0.0597 0.0677
0.0213 0.0213 0.0418 0.0545 0.0672 0.0792 0.0897
0.0263 0.0263 0.0516 0.0677 0.0838 0.0980 0.1108
0.0379 0.0379 0.0744 0.0929 0.1102 0.1250 0.1379
0.0489 0.0489 0.0963 0.1190 0.1349 0.1509 0.1640
0.0612 0.0612 0.1192 0.1440 0.1636 0.1783 0.1931
0.0739 0.0739 0.1412 0.1680 0.1906 0.2059 0.2212
0.0921 0.0921 0.1690 0.1965 0.2189 0.2339 0.2489
0.1095 0.1095 0.1957 0.2238 0.2460 0.2608 0.2756
0.1290 0.1290 0.2218 0.2501 0.2736 0.2885 0.3034
0.1478 0.1478 0.2468 0.2753 0.3002 0.3151 0.3300
0.1657 0.1657 0.2708 0.2994 0.3256 0.3406 0.3556
0.1919 0.1919 0.2973 0.3255 0.3510 0.3654 0.3802
0.2171 0.2171 0.3226 0.3505 0.3753 0.3894 0.4037
0.2412 0.2412 0.3470 0.3733 0.3996 0.4134 0.4275
0.2643 0.2643 0.3703 0.3965 0.4228 0.4365 0.4503
0.2908 0.2908 0.3947 0.4213 0.4456 0.4588 0.4722
0.3162 0.3162 0.4180 0.4440 0.4675 0.4803 0.4931
0.3405 0.3405 0.4404 0.4658 0.4889 0.5013 0.5138
0.3638 0.3638 0.4619 0.4857 0.5094 0.5215 0.5336
0.3862 0.3862 0.4826 0.5068 0.5267 0.5408 0.5526
0.4097 0.4097 0.5034 0.5269 0.5460 0.5595 0.5708
0.4323 0.4323 0.5233 0.5450 0.5666 0.5757 0.5883
0.4540 0.4540 0.5425 0.5646 0.5843 0.5946 0.6051
0.4747 0.4747 0.5609 0.5823 0.6012 0.6111 0.6212
0.4956 0.4956 0.5787 0.5993 0.6175 0.6270 0.6366
0.5157 0.5157 0.5959 0.6145 0.6331 0.6423 0.6515
0.5350 0.5350 0.6123 0.6302 0.6481 0.6568 0.6657
0.5534 0.5534 0.6281 0.6464 0.6624 0.6708 0.6793
0.5711 0.5711 0.6432 0.6597 0.6762 0.6843 0.6924
0.5886 0.5886 0.6578 0.6747 0.6894 0.6972 0.7050
0.6053 0.6053 0.6718 0.6880 0.7021 0.7096 0.7170
0.6213 0.6213 0.6852 0.6997 0.7142 0.7214 0.7286
0.6367 0.6367 0.6980 0.7120 0.7246 0.7327 0.7396
0.6515 0.6515 0.7103 0.7237 0.7371 0.7436 0.7503
0.6658 0.6658 0.7221 0.7350 0.7478 0.7541 0.7605
0.6794 0.6794 0.7335 0.7458 0.7581 0.7613 0.7702
0.6925 0.6925 0.7444 0.7570 0.7680 0.7738 0.7796
0.7050 0.7050 0.7548 0.7669 0.7775 0.7830 0.7886
0.7171 0.7171 0.7648 0.7757 0.7865 0.7919 0.7972
0.7286 0.7286 0.7744 0.7848 0.7952 0.8004 0.8055
0.7397 0.7397 0.7836 0.7943 0.8036 0.8069 0.8134
0.7503 0.7503 0.7924 0.8027 0.8116 0.8148 0.8185
0.7605 0.7605 0.8009 0.8101 0.8193 0.8200 0.8259
0.7703 0.7703 0.8090 0.8179 0.8267 0.8274 0.8323
0.7797 0.7797 0.8168 0.8259 0.8338 0.8344 0.8421
0.7886 0.7886 0.8243 0.8330 0.8398 0.8412 0.8485
0.7973 0.7973 0.8315 0.8398 0.8470 0.8509 0.8547
0.8055 0.8055 0.8384 0.8463 0.8533 0.8539 0.8606
0.8135 0.8135 0.8449 0.8493 0.8593 0.8598 0.8663
0.8211 0.8211 0.8513 0.8586 0.8650 0.8684 0.8717
0.8284 0.8284 0.8573 0.8639 0.8699 0.8711 0.8770
0.8354 0.8354 0.8632 0.8695 0.8758 0.8789 0.8810
0.8421 0.8421 0.8688 0.8752 0.8809 0.8838 0.8869
0.8486 0.8486 0.8741 0.8799 0.8823 0.8886 0.8915
0.8547 0.8547 0.8792 0.8848 0.8868 0.8931 0.8959
0.8607 0.8607 0.8842 0.8864 0.8929 0.8975 0.9001
0.8664 0.8664 0.8889 0.8940 0.8959 0.9017 0.9042
0.8718 0.8718 0.8934 0.8984 0.9001 0.9057 0.9081
0.8770 0.8770 0.8978 0.9025 0.9042 0.9095 0.9119
0.8821 0.8821 0.9020 0.9065 0.9081 0.9132 0.9155
0.8869 0.8869 0.9060 0.9103 0.9146 0.9150 0.9189
0.8915 0.8915 0.9098 0.9123 0.9155 0.9185 0.9222
0.8959 0.8959 0.9135 0.9175 0.9175 0.9218 0.9254
0.9002 0.9002 0.9170 0.9211 0.9222 0.9266 0.9266
0.9042 0.9042 0.9204 0.9241 0.9254 0.9295 0.9295
0.9081 0.9081 0.9236 0.9272 0.9272 0.9310 0.9310
0.9119 0.9119 0.9268 0.9301 0.9301 0.9352 0.9352
0.9155 0.9155 0.9297 0.9330 0.9330 0.9378 0.9378
0.9189 0.9189 0.9326 0.9357 0.9368 0.9391 0.9391
0.9222 0.9222 0.9354 0.9383 0.9394 0.9428 0.9428
0.9254 0.9254 0.9380 0.9409 0.9421 0.9440 0.9440
0.9285 0.9285 0.9405 0.9435 0.9443 0.9462 0.9462
0.9314 0.9314 0.9430 0.9456 0.9467 0.9495 0.9495
0.9342 0.9342 0.9453 0.9478 0.9487 0.9505 0.9505
0.9369 0.9369 0.9475 0.9499 0.9499 0.9526 0.9526
0.9394 0.9394 0.9497 0.9520 0.9528 0.9554 0.9554
0.9419 0.9419 0.9517 0.9539 0.9547 0.9564 0.9564
0.9443 0.9443 0.9537 0.9558 0.9566 0.9590 0.9590
0.9466 0.9466 0.9556 0.9576 0.9584 0.9607 0.9607
0.9487 0.9487 0.9574 0.9595 0.9602 0.9623 0.9623
0.9508 0.9508 0.9591 0.9603 0.9618 0.9623 0.9623
0.9528 0.9528 0.9608 0.9626 0.9633 0.9633 0.9633
0.9548 0.9548 0.9624 0.9641 0.9641 0.9641 0.9641
0.9566 0.9566 0.9639 0.9657 0.9657 0.9657 0.9657
0.9584 0.9584 0.9654 0.9664 0.9664 0.9664 0.9670
0.9601 0.9601 0.9668 0.9683 0.9683 0.9683 0.9683
0.9617 0.9617 0.9682 0.9683 0.9683 0.9683 0.9696
0.9633 0.9633 0.9695 0.9695 0.9695 0.9695 0.9709
0.9648 0.9648 0.9707 0.9707 0.9707 0.9707 0.9720
0.9662 0.9662 0.9719 0.9719 0.9719 0.9719 0.9732
0.9676 0.9676 0.9731 0.9731 0.9731 0.9731 0.9743
0.9689 0.9689 0.9742 0.9742 0.9742 0.9742 0.9753
0.9702 0.9702 0.9752 0.9752 0.9752 0.9752 0.9763
0.9714 0.9714 0.9762 0.9762 0.9762 0.9762 0.9773
0.9726 0.9726 0.9772 0.9772 0.9772 0.9772 0.9782
0.9737 0.9737 0.9781 0.9781 0.9781 0.9781 0.9791
0.9748 0.9748 0.9790 0.9790 0.9790 0.9790 0.9800
0.9758 0.9758 0.9799 0.9799 0.9799 0.9799 0.9808
0.9768 0.9768 0.9807 0.9807 0.9807 0.9807 0.9816
0.9777 0.9777 0.9815 0.9815 0.9815 0.9815 0.9823
0.9786 0.9786 0.9822 0.9822 0.9822 0.9822 0.9830
0.9795 0.9795 0.9830 0.9830 0.9830 0.9830 0.9837
0.9803 0.9803 0.9837 0.9837 0.9837 0.9837 0.9844
0.9811 0.9811 0.9843 0.9843 0.9843 0.9843 0.9850
0.9819 0.9819 0.9850 0.9850 0.9850 0.9850 0.9856
0.9826 0.9826 0.9856 0.9856 0.9856 0.9856 0.9862
0.9834 0.9834 0.9862 0.9862 0.9862 0.9862 0.9868
0.9840 0.9840 0.9867 0.9867 0.9867 0.9867 0.9873
0.9847 0.9847 0.9873 0.9873 0.9873 0.9873 0.9879
0.9854 0.9854 0.9879 0.9879 0.9891 0.9891 0.9898
0.9860 0.9860 0.9884 0.9884 0.9896 0.9896 0.9902
0.9865 0.9865 0.9889 0.9889 0.9900 0.9900 0.9906
0.9871 0.9871 0.9893 0.9893 0.9904 0.9904 0.9910
0.9876 0.9876 0.9898 0.9898 0.9908 0.9908 0.9913
0.9883 0.9883 0.9907 0.9915 0.9920 0.9920 0.9928
0.9888 0.9888 0.9911 0.9918 0.9923 0.9923 0.9931
0.9893 0.9893 0.9917 0.9924 0.9929 0.9929 0.9936
0.9897 0.9897 0.9920 0.9927 0.9931 0.9931 0.9939
0.9909 0.9909 0.9934 0.9934 0.9954 0.9960 0.9967
0.9912 0.9912 0.9936 0.9936 0.9956 0.9962 0.9968
0.9916 0.9916 0.9939 0.9939 0.9957 0.9963 0.9969
0.9929 0.9929 0.9964 0.9974 0.9974 0.9974 0.9974
0.9932 0.9932 0.9965 0.9975 0.9975 0.9975 0.9975
0.9942 0.9942 0.9970 0.9975 0.9975 0.9975 0.9976
0.9944 0.9944 0.9971 0.9975 0.9975 0.9975 0.9977
0.9955 0.9955 0.9983 0.9988 0.9991 0.9991 0.9994
0.9956 0.9956 0.9984 0.9988 0.9992 0.9993 0.9994
0.9963 0.9963 0.9985 0.9993 0.9993 0.9997 0.9997
0.9964 0.9964 0.9986 0.9994 0.9997 0.9997 0.9997
0.9966 0.9966 0.9987 0.9994 0.9997 0.9997 0.9997
0.9982 0.9982 0.9993 0.9996 0.9997 0.9997 0.9998
0.9983 0.9983 0.9993 0.9996 0.9997 0.9997 0.9998
0.9983 0.9983 0.9995 0.9998 0.9999 0.9999 0.9999
0.9984 0.9984 0.9995 0.9998 0.9999 0.9999 0.9999
0.9992 0.9992 0.9997 0.9999 0.9999 0.9999 0.9999
0.9992 0.9992 0.9997 0.9999 0.9999 0.9999 0.9999
0.9992 0.9992 0.9998 0.9999 1.0000 1.0000 1.0000
0.9993 0.9993 0.9998 0.9999 1.0000 1.0000 1.0000
0.9993 0.9993 0.9998 0.9999 1.0000 1.0000 1.0000
0.9997 0.9997 0.9999 0.9999 1.0000 1.0000 1.0000
0.9997 0.9997 0.9999 0.9999 1.0000 1.0000 1.0000
0.9997 0.9997 0.9999 1.0000 1.0000 1.0000 1.0000
0.9997 0.9997 1.0000 1.0000 1.0000 1.0000 1.0000
0.9999 0.9999 1.0000 1.0000 1.0000 1.0000 1.0000
0.9999 0.9999 1.0000 1.0000 1.0000 1.0000 1.0000
0.9999 0.9999 1.0000 1.0000 1.0000 1.0000 1.0000
0.9999 0.9999 1.0000 1.0000 1.0000 1.0000 1.0000
0.9999 0.9999 1.0000 1.0000 1.0000 1.0000 1.0000
1.0000 1.0000 1.0000 1.0000 1.0000 1.0000 1.0000
1.0000 1.0000 1.0000 1.0000 1.0000 1.0000 1.0000
1.0000 1.0000 1.0000 1.0000 1.0000 1.0000 1.0000
1.0000 1.0000 1.0000 1.0000 1.0000 1.0000 1.0000
1.0000 1.0000 1.0000 1.0000 1.0000 1.0000 1.0000
1.0000 1.0000 1.0000 1.0000 1.0000 1.0000 1.0000
1.0000 1.0000 1.0000 1.0000 1.0000 1.0000 1.0000
1.0000 1.0000 1.0000 1.0000 1.0000 1.0000 1.0000
1.0000 1.0000 1.0000 1.0000 1.0000 1.0000 1.0000
1.0000 1.0000 1.0000 1.0000 1.0000 1.0000 1.0000
1.0000 1.0000 1.0000 1.0000 1.0000 1.0000 1.0000
1.0000 1.0000 1.0000 1.0000 1.0000 1.0000 1.0000
1.0000 1.0000 1.0000 1.0000 1.0000 1.0000 1.0000
1.0000 1.0000 1.0000 1.0000 1.0000 1.0000 1.0000
1.0000 1.0000 1.0000 1.0000 1.0000 1.0000 1.0000
1.0000 1.0000 1.0000 1.0000 1.0000 1.0000 1.0000
1.0000 1.0000 1.0000 1.0000 1.0000 1.0000 1.0000
1.0000 1.0000 1.0000 1.0000 1.0000 1.0000 1.0000
1.0000 1.0000 1.0000 1.0000 1.0000 1.0000 1.0000
1.0000 1.0000 1.0000 1.0000 1.0000 1.0000 1.0000
1.0000 1.0000 1.0000 1.0000 1.0000 1.0000 1.0000
1.0000 1.0000 1.0000 1.0000 1.0000 1.0000 1.0000
1.0000 1.0000 1.0000 1.0000 1.0000 1.0000 1.0000
1.0000 1.0000 1.0000 1.0000 1.0000 1.0000 1.0000
1.0000 1.0000 1.0000 1.0000 1.0000 1.0000 1.0000
