191 11
0.0000 0.0000 0.0000 0.0000 0.0000 0.0000 0.0000 0.0000 0.0000 0.0000 0.0000
0.0010 0.0010 0.0015 0.0020 0.0026 0.0031 0.0033 0.0036 0.0038 0.0041 0.0041
0.0020 0.0020 0.0030 0.0040 0.0050 0.0060 0.0065 0.0070 0.0075 0.0079 0.0079
0.0030 0.0030 0.0044 0.0059 0.0073 0.0088 0.0098 0.0107 0.0117 0.0126 0.0133
0.0039 0.0039 0.0065 0.0091 0.0117 0.0144 0.0163 0.0182 0.0201 0.0220 0.0229
0.0086 0.0086 0.0123 0.0161 0.0199 0.0236 0.0255 0.0273 0.0291 0.0310 0.0327
0.0131 0.0131 0.0204 0.0263 0.0325 0.0372 0.0402 0.0434 0.0463 0.0495 0.0519
0.0202 0.0202 0.0304 0.0381 0.0459 0.0516 0.0562 0.0625 0.0672 0.0735 0.0771
0.0280 0.0280 0.0415 0.0513 0.0617 0.0680 0.0746 0.0823 0.0886 0.0966 0.1013
0.0403 0.0403 0.0529 0.0675 0.0828 0.0910 0.0980 0.1070 0.1144 0.1227 0.1275
0.0520 0.0520 0.0708 0.0906 0.1079 0.1155 0.1231 0.1315 0.1392 0.1477 0.1525
0.0689 0.0689 0.0905 0.1131 0.1334 0.1421 0.1506 0.1589 0.1663 0.1744 0.1800
0.0850 0.0850 0.1095 0.1359 0.1579 0.1689 0.1772 0.1852 0.1923 0.2000 0.2063
0.1005 0.1005 0.1344 0.1597 0.1828 0.1948 0.2027 0.2112 0.2192 0.2271 0.2332
0.1225 0.1225 0.1583 0.1861 0.2088 0.2224 0.2303 0.2385 0.2459 0.2538 0.2599
0.1435 0.1435 0.1826 0.2121 0.2355 0.2489 0.2567 0.2644 0.2722 0.2799 0.2856
0.1677 0.1677 0.2060 0.2374 0.2620 0.2757 0.2837 0.2917 0.3006 0.3077 0.3138
0.1909 0.1909 0.2284 0.2617 0.2874 0.3013 0.3096 0.3173 0.3268 0.3343 0.3402
0.2131 0.2131 0.2544 0.2861 0.3123 0.3259 0.3344 0.3421 0.3520 0.3598 0.3655
0.2371 0.2371 0.2793 0.3122 0.3378 0.3512 0.3595 0.3670 0.3767 0.3843 0.3897
0.2602 0.2602 0.3038 0.3375 0.3626 0.3755 0.3836 0.3909 0.4005 0.4078 0.4130
0.2852 0.2852 0.3274 0.3620 0.3870 0.3993 0.4074 0.4140 0.4243 0.4315 0.4365
0.3091 0.3091 0.3499 0.3856 0.4103 0.4222 0.4298 0.4378 0.4470 0.4543 0.4590
0.3321 0.3321 0.3742 0.4081 0.4327 0.4420 0.4521 0.4588 0.4689 0.4761 0.4807
0.3554 0.3554 0.3974 0.4313 0.4551 0.4640 0.4736 0.4805 0.4901 0.4970 0.5014
0.3778 0.3778 0.4200 0.4535 0.4766 0.4851 0.4945 0.5008 0.5104 0.5171 0.5213
0.4010 0.4010 0.4416 0.4749 0.4974 0.5056 0.5148 0.5209 0.5303 0.5368 0.5408
0.4233 0.4233 0.4631 0.4954 0.5173 0.5252 0.5342 0.5414 0.5493 0.5556 0.5595
0.4446 0.4446 0.4841 0.5151 0.5364 0.5439 0.5528 0.5587 0.5676 0.5737 0.5774
0.4656 0.4656 0.5044 0.5346 0.5552 0.5619 0.5710 0.5765 0.5852 0.5910 0.5946
0.4858 0.4858 0.5233 0.5534 0.5732 0.5797 0.5884 0.5937 0.6021 0.6077 0.6111
0.5060 0.5060 0.5420 0.5714 0.5904 0.5967 0.6051 0.6102 0.6183 0.6237 0.6270
0.5254 0.5254 0.5610 0.5862 0.6070 0.6135 0.6211 0.6261 0.6339 0.6390 0.6422
0.5440 0.5440 0.5787 0.6052 0.6228 0.6303 0.6365 0.6410 0.6488 0.6538 0.6568
0.5620 0.5620 0.5958 0.6190 0.6382 0.6438 0.6513 0.6556 0.6631 0.6679 0.6708
0.5793 0.5793 0.6121 0.6345 0.6529 0.6587 0.6655 0.6699 0.6768 0.6814 0.6842
0.5963 0.5963 0.6278 0.6493 0.6670 0.6722 0.6791 0.6832 0.6900 0.6944 0.6971
0.6126 0.6126 0.6429 0.6656 0.6806 0.6861 0.6897 0.6951 0.7027 0.7069 0.7094
0.6283 0.6283 0.6574 0.6792 0.6935 0.6983 0.7047 0.7087 0.7148 0.7188 0.7213
0.6433 0.6433 0.6714 0.6905 0.7060 0.7111 0.7145 0.7205 0.7265 0.7303 0.7327
0.6577 0.6577 0.6848 0.7048 0.7180 0.7229 0.7261 0.7318 0.7376 0.7413 0.7436
0.6716 0.6716 0.6976 0.7169 0.7295 0.7342 0.7373 0.7429 0.7483 0.7519 0.7540
0.6850 0.6850 0.7099 0.7284 0.7405 0.7446 0.7500 0.7533 0.7586 0.7620 0.7641
0.6978 0.6978 0.7217 0.7395 0.7511 0.7537 0.7573 0.7634 0.7684 0.7717 0.7737
0.7100 0.7100 0.7331 0.7501 0.7613 0.7653 0.7681 0.7731 0.7779 0.7810 0.7829
0.7218 0.7218 0.7440 0.7589 0.7710 0.7734 0.7762 0.7824 0.7870 0.7900 0.7918
0.7332 0.7332 0.7544 0.7686 0.7804 0.7841 0.7858 0.7912 0.7957 0.7985 0.8003
0.7440 0.7440 0.7644 0.7795 0.7893 0.7928 0.7946 0.7998 0.8040 0.8068 0.8084
0.7545 0.7545 0.7740 0.7885 0.7979 0.8012 0.8030 0.8079 0.8120 0.8146 0.8163
0.7645 0.7645 0.7826 0.7971 0.8062 0.8093 0.8106 0.8158 0.8197 0.8222 0.8238
0.7741 0.7741 0.7921 0.8054 0.8141 0.8178 0.8183 0.8232 0.8270 0.8295 0.8310
0.7833 0.7833 0.8006 0.8133 0.8217 0.8246 0.8268 0.8304 0.8341 0.8364 0.8379
0.7921 0.7921 0.8087 0.8209 0.8289 0.8318 0.8339 0.8374 0.8409 0.8431 0.8445
0.8006 0.8006 0.8165 0.8282 0.8359 0.8387 0.8406 0.8440 0.8473 0.8495 0.8508
0.8088 0.8088 0.8240 0.8315 0.8426 0.8452 0.8462 0.8504 0.8536 0.8556 0.8569
0.8166 0.8166 0.8312 0.8383 0.8490 0.8515 0.8528 0.8565 0.8596 0.8615 0.8627
0.8240 0.8240 0.8381 0.8449 0.8552 0.8577 0.8588 0.8623 0.8653 0.8672 0.8683
0.8312 0.8312 0.8447 0.8513 0.8611 0.8634 0.8643 0.8680 0.8708 0.8726 0.8737
0.8381 0.8381 0.8510 0.8573 0.8668 0.8689 0.8701 0.8733 0.8761 0.8778 0.8789
0.8447 0.8447 0.8571 0.8631 0.8722 0.8744 0.8751 0.8785 0.8811 0.8828 0.8838
0.8511 0.8511 0.8629 0.8687 0.8774 0.8794 0.8805 0.8831 0.8860 0.8876 0.8886
0.8571 0.8571 0.8685 0.8741 0.8824 0.8845 0.8851 0.8883 0.8906 0.8922 0.8931
0.8630 0.8630 0.8739 0.8792 0.8872 0.8891 0.8905 0.8928 0.8951 0.8966 0.8975
0.8686 0.8686 0.8790 0.8842 0.8918 0.8937 0.8945 0.8972 0.8994 0.9008 0.9017
0.8739 0.8739 0.8840 0.8889 0.8962 0.8983 0.8986 0.9014 0.9035 0.9048 0.9057
0.8791 0.8791 0.8887 0.8934 0.9005 0.9020 0.9028 0.9054 0.9074 0.9087 0.9095
0.8840 0.8840 0.8933 0.8978 0.9045 0.9062 0.9067 0.9093 0.9112 0.9124 0.9132
0.8887 0.8887 0.8976 0.9019 0.9084 0.9099 0.9105 0.9129 0.9148 0.9160 0.9167
0.8933 0.8933 0.9018 0.9059 0.9122 0.9136 0.9150 0.9165 0.9183 0.9194 0.9201
0.8976 0.8976 0.9018 0.9098 0.9158 0.9172 0.9182 0.9199 0.9216 0.9227 0.9234
0.9018 0.9018 0.9096 0.9135 0.9192 0.9208 0.9215 0.9215 0.9248 0.9259 0.9265
0.9058 0.9058 0.9133 0.9170 0.9225 0.9237 0.9241 0.9263 0.9279 0.9289 0.9295
0.9097 0.9097 0.9169 0.9204 0.9257 0.9264 0.9274 0.9274 0.9308 0.9318 0.9324
0.9133 0.9133 0.9203 0.9236 0.9287 0.9301 0.9307 0.9322 0.9337 0.9346 0.9352
0.9169 0.9169 0.9235 0.9267 0.9316 0.9328 0.9333 0.9333 0.9364 0.9373 0.9378
0.9203 0.9203 0.9266 0.9297 0.9344 0.9351 0.9360 0.9360 0.9390 0.9398 0.9403
0.9235 0.9235 0.9266 0.9331 0.9371 0.9381 0.9386 0.9386 0.9415 0.9423 0.9428
0.9267 0.9267 0.9325 0.9354 0.9396 0.9406 0.9414 0.9426 0.9438 0.9446 0.9451
0.9296 0.9296 0.9353 0.9380 0.9421 0.9430 0.9438 0.9450 0.9461 0.9469 0.9474
0.9325 0.9325 0.9379 0.9405 0.9445 0.9450 0.9457 0.9472 0.9483 0.9491 0.9495
0.9353 0.9353 0.9404 0.9421 0.9467 0.9478 0.9478 0.9494 0.9504 0.9511 0.9516
0.9379 0.9379 0.9429 0.9453 0.9489 0.9498 0.9502 0.9514 0.9525 0.9531 0.9535
0.9404 0.9404 0.9452 0.9475 0.9510 0.9518 0.9522 0.9522 0.9544 0.9550 0.9554
0.9429 0.9429 0.9452 0.9497 0.9530 0.9538 0.9538 0.9538 0.9563 0.9569 0.9572
0.9452 0.9452 0.9496 0.9517 0.9549 0.9557 0.9557 0.9571 0.9580 0.9586 0.9590
0.9474 0.9474 0.9516 0.9537 0.9567 0.9575 0.9575 0.9589 0.9598 0.9603 0.9606
0.9496 0.9496 0.9536 0.9556 0.9585 0.9592 0.9592 0.9606 0.9614 0.9619 0.9619
0.9516 0.9516 0.9555 0.9574 0.9602 0.9608 0.9608 0.9622 0.9630 0.9635 0.9635
0.9536 0.9536 0.9573 0.9591 0.9618 0.9624 0.9624 0.9637 0.9645 0.9650 0.9650
0.9555 0.9555 0.9591 0.9608 0.9634 0.9640 0.9640 0.9652 0.9659 0.9664 0.9664
0.9573 0.9573 0.9607 0.9624 0.9649 0.9655 0.9655 0.9655 0.9673 0.9678 0.9678
0.9591 0.9591 0.9623 0.9639 0.9663 0.9663 0.9663 0.9663 0.9687 0.9691 0.9691
0.9607 0.9607 0.9639 0.9655 0.9677 0.9677 0.9677 0.9677 0.9699 0.9704 0.9704
0.9623 0.9623 0.9653 0.9668 0.9690 0.9690 0.9690 0.9690 0.9712 0.9716 0.9716
0.9639 0.9639 0.9668 0.9682 0.9703 0.9703 0.9703 0.9703 0.9723 0.9727 0.9727
0.9653 0.9653 0.9681 0.9695 0.9715 0.9715 0.9715 0.9715 0.9735 0.9738 0.9738
0.9668 0.9668 0.9694 0.9695 0.9726 0.9726 0.9726 0.9726 0.9746 0.9749 0.9749
0.9681 0.9681 0.9694 0.9695 0.9738 0.9738 0.9738 0.9738 0.9756 0.9759 0.9759
0.9694 0.9694 0.9719 0.9719 0.9748 0.9748 0.9748 0.9748 0.9766 0.9769 0.9769
0.9707 0.9707 0.9730 0.9730 0.9759 0.9759 0.9759 0.9759 0.9775 0.9779 0.9779
0.9719 0.9719 0.9741 0.9741 0.9768 0.9768 0.9768 0.9768 0.9785 0.9788 0.9788
0.9730 0.9730 0.9741 0.9741 0.9778 0.9778 0.9778 0.9778 0.9793 0.9796 0.9796
0.9741 0.9741 0.9741 0.9741 0.9787 0.9787 0.9787 0.9787 0.9802 0.9805 0.9805
0.9752 0.9752 0.9752 0.9752 0.9796 0.9796 0.9796 0.9796 0.9810 0.9813 0.9813
0.9762 0.9762 0.9781 0.9781 0.9804 0.9804 0.9804 0.9804 0.9818 0.9820 0.9820
0.9772 0.9772 0.9790 0.9790 0.9812 0.9812 0.9812 0.9812 0.9825 0.9828 0.9828
0.9781 0.9781 0.9798 0.9798 0.9820 0.9820 0.9820 0.9820 0.9832 0.9835 0.9835
0.9790 0.9790 0.9807 0.9807 0.9827 0.9827 0.9827 0.9827 0.9839 0.9841 0.9841
0.9798 0.9798 0.9807 0.9807 0.9834 0.9834 0.9834 0.9834 0.9846 0.9848 0.9848
0.9807 0.9807 0.9807 0.9807 0.9841 0.9841 0.9841 0.9841 0.9852 0.9854 0.9854
0.9815 0.9815 0.9815 0.9815 0.9847 0.9847 0.9847 0.9847 0.9858 0.9860 0.9860
0.9822 0.9822 0.9836 0.9836 0.9854 0.9854 0.9854 0.9854 0.9864 0.9866 0.9866
0.9829 0.9829 0.9836 0.9836 0.9860 0.9860 0.9860 0.9860 0.9869 0.9871 0.9871
0.9836 0.9836 0.9849 0.9849 0.9865 0.9865 0.9865 0.9865 0.9875 0.9876 0.9876
0.9843 0.9843 0.9849 0.9849 0.9871 0.9871 0.9871 0.9871 0.9880 0.9881 0.9881
0.9849 0.9849 0.9861 0.9861 0.9876 0.9876 0.9876 0.9876 0.9885 0.9886 0.9886
0.9856 0.9856 0.9867 0.9867 0.9881 0.9881 0.9881 0.9881 0.9889 0.9891 0.9891
0.9861 0.9861 0.9872 0.9872 0.9886 0.9886 0.9886 0.9886 0.9894 0.9895 0.9895
0.9867 0.9867 0.9872 0.9872 0.9891 0.9891 0.9891 0.9891 0.9898 0.9900 0.9900
0.9873 0.9873 0.9883 0.9883 0.9895 0.9895 0.9895 0.9895 0.9902 0.9904 0.9904
0.9879 0.9879 0.9883 0.9883 0.9903 0.9906 0.9908 0.9910 0.9912 0.9914 0.9915
0.9884 0.9884 0.9884 0.9884 0.9907 0.9910 0.9912 0.9914 0.9916 0.9918 0.9919
0.9889 0.9889 0.9889 0.9889 0.9907 0.9910 0.9912 0.9914 0.9916 0.9924 0.9926
0.9894 0.9894 0.9906 0.9906 0.9917 0.9921 0.9924 0.9927 0.9927 0.9931 0.9931
0.9904 0.9904 0.9906 0.9921 0.9921 0.9932 0.9936 0.9938 0.9940 0.9942 0.9943
0.9910 0.9910 0.9910 0.9921 0.9921 0.9932 0.9936 0.9938 0.9960 0.9964 0.9967
0.9915 0.9915 0.9915 0.9921 0.9924 0.9932 0.9937 0.9938 0.9964 0.9967 0.9970
0.9926 0.9926 0.9937 0.9946 0.9946 0.9946 0.9946 0.9946 0.9964 0.9967 0.9970
0.9933 0.9933 0.9949 0.9960 0.9971 0.9971 0.9971 0.9971 0.9971 0.9980 0.9980
0.9936 0.9936 0.9949 0.9960 0.9971 0.9971 0.9971 0.9971 0.9981 0.9981 0.9981
0.9947 0.9947 0.9949 0.9960 0.9981 0.9984 0.9986 0.9988 0.9990 0.9990 0.9990
0.9949 0.9949 0.9949 0.9960 0.9982 0.9984 0.9986 0.9988 0.9991 0.9991 0.9991
0.9956 0.9956 0.9973 0.9973 0.9982 0.9985 0.9987 0.9989 0.9991 0.9991 0.9991
0.9965 0.9965 0.9973 0.9986 0.9986 0.9990 0.9990 0.9991 0.9991 0.9991 0.9991
0.9967 0.9967 0.9973 0.9986 0.9986 0.9990 0.9991 0.9991 0.9992 0.9992 0.9992
0.9974 0.9974 0.9983 0.9989 0.9993 0.9994 0.9994 0.9995 0.9996 0.9996 0.9996
0.9975 0.9975 0.9983 0.9989 0.9993 0.9994 0.9995 0.9996 0.9997 0.9997 0.9997
0.9978 0.9978 0.9987 0.9990 0.9993 0.9994 0.9995 0.9996 0.9997 0.9997 0.9997
0.9982 0.9982 0.9987 0.9994 0.9996 0.9996 0.9996 0.9997 0.9997 0.9997 0.9997
0.9983 0.9983 0.9987 0.9994 0.9996 0.9996 0.9997 0.9997 0.9997 0.9997 0.9997
0.9988 0.9988 0.9993 0.9996 0.9998 0.9998 0.9998 0.9999 0.9999 0.9999 0.9999
0.9989 0.9989 0.9993 0.9996 0.9998 0.9998 0.9998 0.9999 0.9999 0.9999 0.9999
0.9990 0.9990 0.9993 0.9996 0.9998 0.9998 0.9998 0.9999 0.9999 0.9999 0.9999
0.9992 0.9992 0.9993 0.9998 0.9999 0.9999 0.9999 0.9999 0.9999 0.9999 0.9999
0.9992 0.9992 0.9993 0.9998 0.9999 0.9999 0.9999 0.9999 0.9999 0.9999 0.9999
0.9995 0.9995 0.9997 0.9998 0.9999 1.0000 1.0000 1.0000 1.0000 1.0000 1.0000
0.9995 0.9995 0.9997 0.9998 0.9999 1.0000 1.0000 1.0000 1.0000 1.0000 1.0000
0.9996 0.9996 0.9998 0.9999 0.9999 1.0000 1.0000 1.0000 1.0000 1.0000 1.0000
0.9997 0.9997 0.9998 1.0000 1.0000 1.0000 1.0000 1.0000 1.0000 1.0000 1.0000
0.9997 0.9997 0.9998 1.0000 1.0000 1.0000 1.0000 1.0000 1.0000 1.0000 1.0000
0.9998 0.9998 0.9999 1.0000 1.0000 1.0000 1.0000 1.0000 1.0000 1.0000 1.0000
0.9998 0.9998 0.9999 1.0000 1.0000 1.0000 1.0000 1.0000 1.0000 1.0000 1.0000
0.9999 0.9999 1.0000 1.0000 1.0000 1.0000 1.0000 1.0000 1.0000 1.0000 1.0000
0.9999 0.9999 1.0000 1.0000 1.0000 1.0000 1.0000 1.0000 1.0000 1.0000 1.0000
0.9999 0.9999 1.0000 1.0000 1.0000 1.0000 1.0000 1.0000 1.0000 1.0000 1.0000
1.0000 1.0000 1.0000 1.0000 1.0000 1.0000 1.0000 1.0000 1.0000 1.0000 1.0000
1.0000 1.0000 1.0000 1.0000 1.0000 1.0000 1.0000 1.0000 1.0000 1.0000 1.0000
1.0000 1.0000 1.0000 1.0000 1.0000 1.0000 1.0000 1.0000 1.0000 1.0000 1.0000
1.0000 1.0000 1.0000 1.0000 1.0000 1.0000 1.0000 1.0000 1.0000 1.0000 1.0000
1.0000 1.0000 1.0000 1.0000 1.0000 1.0000 1.0000 1.0000 1.0000 1.0000 1.0000
1.0000 1.0000 1.0000 1.0000 1.0000 1.0000 1.0000 1.0000 1.0000 1.0000 1.0000
1.0000 1.0000 1.0000 1.0000 1.0000 1.0000 1.0000 1.0000 1.0000 1.0000 1.0000
1.0000 1.0000 1.0000 1.0000 1.0000 1.0000 1.0000 1.0000 1.0000 1.0000 1.0000
1.0000 1.0000 1.0000 1.0000 1.0000 1.0000 1.0000 1.0000 1.0000 1.0000 1.0000
1.0000 1.0000 1.0000 1.0000 1.0000 1.0000 1.0000 1.0000 1.0000 1.0000 1.0000
1.0000 1.0000 1.0000 1.0000 1.0000 1.0000 1.0000 1.0000 1.0000 1.0000 1.0000
1.0000 1.0000 1.0000 1.0000 1.0000 1.0000 1.0000 1.0000 1.0000 1.0000 1.0000
1.0000 1.0000 1.0000 1.0000 1.0000 1.0000 1.0000 1.0000 1.0000 1.0000 1.0000
1.0000 1.0000 1.0000 1.0000 1.0000 1.0000 1.0000 1.0000 1.0000 1.0000 1.0000
1.0000 1.0000 1.0000 1.0000 1.0000 1.0000 1.0000 1.0000 1.0000 1.0000 1.0000
1.0000 1.0000 1.0000 1.0000 1.0000 1.0000 1.0000 1.0000 1.0000 1.0000 1.0000
1.0000 1.0000 1.0000 1.0000 1.0000 1.0000 1.0000 1.0000 1.0000 1.0000 1.0000
1.0000 1.0000 1.0000 1.0000 1.0000 1.0000 1.0000 1.0000 1.0000 1.0000 1.0000
1.0000 1.0000 1.0000 1.0000 1.0000 1.0000 1.0000 1.0000 1.0000 1.0000 1.0000
1.0000 1.0000 1.0000 1.0000 1.0000 1.0000 1.0000 1.0000 1.0000 1.0000 1.0000
1.0000 1.0000 1.0000 1.0000 1.0000 1.0000 1.0000 1.0000 1.0000 1.0000 1.0000
1.0000 1.0000 1.0000 1.0000 1.0000 1.0000 1.0000 1.0000 1.0000 1.0000 1.0000
1.0000 1.0000 1.0000 1.0000 1.0000 1.0000 1.0000 1.0000 1.0000 1.0000 1.0000
1.0000 1.0000 1.0000 1.0000 1.0000 1.0000 1.0000 1.0000 1.0000 1.0000 1.0000
1.0000 1.0000 1.0000 1.0000 1.0000 1.0000 1.0000 1.0000 1.0000 1.0000 1.0000
1.0000 1.0000 1.0000 1.0000 1.0000 1.0000 1.0000 1.0000 1.0000 1.0000 1.0000
1.0000 1.0000 1.0000 1.0000 1.0000 1.0000 1.0000 1.0000 1.0000 1.0000 1.0000
1.0000 1.0000 1.0000 1.0000 1.0000 1.0000 1.0000 1.0000 1.0000 1.0000 1.0000
1.0000 1.0000 1.0000 1.0000 1.0000 1.0000 1.0000 1.0000 1.0000 1.0000 1.0000
1.0000 1.0000 1.0000 1.0000 1.0000 1.0000 1.0000 1.0000 1.0000 1.0000 1.0000
1.0000 1.0000 1.0000 1.0000 1.0000 1.0000 1.0000 1.0000 1.0000 1.0000 1.0000
1.0000 1.0000 1.0000 1.0000 1.0000 1.0000 1.0000 1.0000 1.0000 1.0000 1.0000
1.0000 1.0000 1.0000 1.0000 1.0000 1.0000 1.0000 1.0000 1.0000 1.0000 1.0000
1.0000 1.0000 1.0000 1.0000 1.0000 1.0000 1.0000 1.0000 1.0000 1.0000 1.0000
1.0000 1.0000 1.0000 1.0000 1.0000 1.0000 1.0000 1.0000 1.0000 1.0000 1.0000
1.0000 1.0000 1.0000 1.0000 1.0000 1.0000 1.0000 1.0000 1.0000 1.0000 1.0000
