<<<<<<< HEAD
<<<<<<< HEAD
191 11
0.0000 0.0000 0.0000 0.0000 0.0000 0.0000 0.0000 0.0000 0.0000 0.0000 0.0000
0.0004 0.0004 0.0007 0.0009 0.0012 0.0015 0.0017 0.0019 0.0021 0.0023 0.0025
0.0008 0.0008 0.0013 0.0018 0.0024 0.0029 0.0033 0.0037 0.0041 0.0045 0.0049
0.0012 0.0012 0.0019 0.0027 0.0035 0.0042 0.0048 0.0054 0.0060 0.0066 0.0071
0.0015 0.0015 0.0025 0.0035 0.0045 0.0055 0.0063 0.0071 0.0079 0.0087 0.0093
0.0019 0.0019 0.0031 0.0043 0.0056 0.0068 0.0077 0.0087 0.0096 0.0106 0.0114
0.0037 0.0037 0.0062 0.0087 0.0112 0.0137 0.0157 0.0177 0.0196 0.0216 0.0233
0.0055 0.0055 0.0092 0.0129 0.0167 0.0204 0.0237 0.0269 0.0302 0.0334 0.0363
0.0072 0.0072 0.0121 0.0170 0.0219 0.0268 0.0316 0.0364 0.0411 0.0459 0.0498
0.0122 0.0122 0.0208 0.0294 0.0380 0.0466 0.0524 0.0582 0.0640 0.0698 0.0742
0.0170 0.0170 0.0293 0.0416 0.0538 0.0661 0.0727 0.0794 0.0861 0.0927 0.0976
0.0239 0.0239 0.0402 0.0565 0.0728 0.0891 0.0972 0.1053 0.1129 0.1206 0.1258
0.0306 0.0306 0.0507 0.0709 0.0911 0.1113 0.1208 0.1304 0.1390 0.1475 0.1529
0.0369 0.0369 0.0608 0.0847 0.1086 0.1325 0.1434 0.1548 0.1653 0.1735 0.1790
0.0461 0.0461 0.0753 0.1044 0.1335 0.1627 0.1735 0.1850 0.1955 0.2034 0.2087
0.0550 0.0550 0.0891 0.1233 0.1574 0.1916 0.2024 0.2140 0.2245 0.2320 0.2371
0.0663 0.0663 0.1052 0.1441 0.1834 0.2220 0.2327 0.2434 0.2549 0.2622 0.2671
0.0771 0.0771 0.1211 0.1665 0.2096 0.2512 0.2618 0.2724 0.2842 0.2911 0.2958
0.0875 0.0875 0.1386 0.1888 0.2359 0.2792 0.2897 0.3002 0.3122 0.3189 0.3234
0.0988 0.0988 0.1595 0.2149 0.2653 0.3076 0.3177 0.3286 0.3394 0.3458 0.3501
0.1097 0.1097 0.1795 0.2398 0.2935 0.3349 0.3446 0.3543 0.3655 0.3717 0.3758
0.1241 0.1241 0.2045 0.2665 0.3208 0.3616 0.3710 0.3804 0.3913 0.3972 0.4011
0.1413 0.1413 0.2308 0.2922 0.3470 0.3872 0.3963 0.4054 0.4160 0.4217 0.4255
0.1582 0.1582 0.2560 0.3173 0.3722 0.4118 0.4206 0.4294 0.4397 0.4451 0.4488
0.1758 0.1758 0.2801 0.3415 0.3974 0.4357 0.4441 0.4526 0.4625 0.4677 0.4712
0.1930 0.1930 0.3033 0.3660 0.4215 0.4585 0.4666 0.4748 0.4843 0.4893 0.4926
0.2159 0.2159 0.3294 0.3896 0.4447 0.4806 0.4884 0.4962 0.5053 0.5101 0.5133
0.2378 0.2378 0.3543 0.4130 0.4670 0.5017 0.5092 0.5167 0.5255 0.5301 0.5332
0.2589 0.2589 0.3783 0.4354 0.4883 0.5220 0.5292 0.5364 0.5449 0.5493 0.5522
0.2839 0.2839 0.4012 0.4573 0.5092 0.5415 0.5484 0.5553 0.5634 0.5677 0.5705
0.3078 0.3078 0.4232 0.4793 0.5291 0.5602 0.5669 0.5735 0.5813 0.5853 0.5880
0.3308 0.3308 0.4461 0.5002 0.5483 0.5782 0.5845 0.5909 0.5983 0.6022 0.6048
0.3529 0.3529 0.4679 0.5202 0.5667 0.5954 0.6015 0.6057 0.6147 0.6185 0.6210
0.3741 0.3741 0.4889 0.5394 0.5843 0.6119 0.6178 0.6218 0.6305 0.6340 0.6364
0.3973 0.3973 0.5091 0.5579 0.6012 0.6277 0.6334 0.6372 0.6455 0.6490 0.6513
0.4197 0.4197 0.5284 0.5756 0.6175 0.6429 0.6483 0.6537 0.6600 0.6633 0.6655
0.4411 0.4411 0.5475 0.5919 0.6331 0.6575 0.6627 0.6662 0.6739 0.6770 0.6792
0.4616 0.4616 0.5659 0.6094 0.6481 0.6715 0.6738 0.6799 0.6872 0.6902 0.6923
0.4813 0.4813 0.5835 0.6244 0.6625 0.6849 0.6871 0.6929 0.7000 0.7029 0.7048
0.5018 0.5018 0.6003 0.6397 0.6762 0.6978 0.6999 0.7055 0.7122 0.7150 0.7169
0.5214 0.5214 0.6165 0.6543 0.6894 0.7101 0.7121 0.7175 0.7239 0.7266 0.7284
0.5403 0.5403 0.6322 0.6684 0.7021 0.7219 0.7239 0.7290 0.7352 0.7378 0.7395
0.5583 0.5583 0.6472 0.6819 0.7143 0.7333 0.7351 0.7401 0.7460 0.7485 0.7501
0.5757 0.5757 0.6616 0.6956 0.7259 0.7442 0.7460 0.7507 0.7564 0.7587 0.7603
0.5929 0.5929 0.6754 0.7074 0.7371 0.7546 0.7563 0.7608 0.7663 0.7686 0.7701
0.6094 0.6094 0.6886 0.7200 0.7479 0.7646 0.7663 0.7706 0.7759 0.7780 0.7795
0.6252 0.6252 0.7013 0.7308 0.7581 0.7742 0.7758 0.7800 0.7850 0.7871 0.7885
0.6404 0.6404 0.7135 0.7424 0.7680 0.7834 0.7850 0.7890 0.7938 0.7958 0.7971
0.6549 0.6549 0.7252 0.7523 0.7775 0.7923 0.7937 0.7976 0.8022 0.8041 0.8054
0.6690 0.6690 0.7364 0.7624 0.7866 0.8007 0.8021 0.8058 0.8103 0.8121 0.8133
0.6825 0.6825 0.7472 0.7726 0.7953 0.8089 0.8102 0.8137 0.8180 0.8198 0.8210
0.6955 0.6955 0.7575 0.7814 0.8036 0.8167 0.8180 0.8214 0.8254 0.8271 0.8283
0.7079 0.7079 0.7674 0.7903 0.8116 0.8242 0.8254 0.8286 0.8326 0.8342 0.8353
0.7198 0.7198 0.7769 0.7989 0.8193 0.8313 0.8325 0.8356 0.8394 0.8410 0.8420
0.7312 0.7312 0.7860 0.8071 0.8267 0.8382 0.8394 0.8423 0.8460 0.8474 0.8484
0.7422 0.7422 0.7947 0.8150 0.8338 0.8448 0.8459 0.8488 0.8522 0.8537 0.8546
0.7527 0.7527 0.8031 0.8225 0.8406 0.8512 0.8522 0.8549 0.8583 0.8596 0.8606
0.7628 0.7628 0.8111 0.8302 0.8471 0.8572 0.8582 0.8609 0.8641 0.8654 0.8663
0.7725 0.7725 0.8189 0.8367 0.8533 0.8631 0.8640 0.8665 0.8696 0.8709 0.8717
0.7818 0.7818 0.8262 0.8434 0.8593 0.8686 0.8696 0.8720 0.8749 0.8761 0.8769
0.7907 0.7907 0.8333 0.8498 0.8650 0.8740 0.8749 0.8772 0.8800 0.8812 0.8820
0.7992 0.7992 0.8401 0.8559 0.8705 0.8791 0.8800 0.8822 0.8849 0.8860 0.8868
0.8074 0.8074 0.8467 0.8621 0.8758 0.8841 0.8849 0.8870 0.8896 0.8907 0.8914
0.8153 0.8153 0.8529 0.8674 0.8809 0.8888 0.8896 0.8916 0.8941 0.8952 0.8958
0.8228 0.8228 0.8589 0.8731 0.8858 0.8933 0.8941 0.8961 0.8984 0.8994 0.9001
0.8301 0.8301 0.8647 0.8780 0.8904 0.8977 0.8984 0.9003 0.9026 0.9035 0.9042
0.8370 0.8370 0.8702 0.8830 0.8949 0.9019 0.9026 0.9044 0.9066 0.9075 0.9081
0.8436 0.8436 0.8755 0.8880 0.8992 0.9059 0.9065 0.9083 0.9104 0.9112 0.9118
0.8500 0.8500 0.8806 0.8923 0.9033 0.9097 0.9104 0.9120 0.9140 0.9149 0.9154
0.8561 0.8561 0.8855 0.8967 0.9072 0.9134 0.9140 0.9156 0.9175 0.9183 0.9189
0.8620 0.8620 0.8901 0.9012 0.9110 0.9169 0.9175 0.9191 0.9209 0.9217 0.9222
0.8676 0.8676 0.8946 0.9050 0.9147 0.9203 0.9209 0.9224 0.9241 0.9249 0.9254
0.8730 0.8730 0.8989 0.9053 0.9181 0.9236 0.9241 0.9255 0.9272 0.9279 0.9284
0.8782 0.8782 0.9030 0.9128 0.9215 0.9267 0.9272 0.9286 0.9302 0.9309 0.9313
0.8832 0.8832 0.9070 0.9162 0.9247 0.9297 0.9302 0.9315 0.9331 0.9337 0.9341
0.8880 0.8880 0.9108 0.9198 0.9278 0.9326 0.9330 0.9343 0.9358 0.9364 0.9368
0.8925 0.8925 0.9144 0.9230 0.9307 0.9353 0.9358 0.9370 0.9384 0.9390 0.9394
0.8969 0.8969 0.9179 0.9233 0.9335 0.9380 0.9384 0.9395 0.9409 0.9415 0.9419
0.9011 0.9011 0.9213 0.9262 0.9362 0.9405 0.9409 0.9420 0.9433 0.9439 0.9442
0.9052 0.9052 0.9245 0.9319 0.9388 0.9429 0.9433 0.9444 0.9456 0.9462 0.9465
0.9090 0.9090 0.9276 0.9347 0.9413 0.9452 0.9458 0.9466 0.9479 0.9484 0.9487
0.9127 0.9127 0.9305 0.9374 0.9437 0.9475 0.9483 0.9488 0.9500 0.9505 0.9508
0.9163 0.9163 0.9334 0.9399 0.9460 0.9496 0.9500 0.9509 0.9520 0.9525 0.9528
0.9197 0.9197 0.9361 0.9424 0.9482 0.9517 0.9520 0.9529 0.9540 0.9544 0.9547
0.9230 0.9230 0.9387 0.9449 0.9503 0.9536 0.9543 0.9548 0.9559 0.9563 0.9566
0.9261 0.9261 0.9412 0.9470 0.9524 0.9555 0.9559 0.9567 0.9577 0.9581 0.9583
0.9292 0.9292 0.9436 0.9491 0.9543 0.9574 0.9577 0.9584 0.9594 0.9598 0.9600
0.9320 0.9320 0.9459 0.9474 0.9562 0.9591 0.9597 0.9601 0.9610 0.9614 0.9617
0.9348 0.9348 0.9481 0.9514 0.9580 0.9608 0.9610 0.9618 0.9626 0.9630 0.9632
0.9375 0.9375 0.9502 0.9551 0.9597 0.9624 0.9628 0.9633 0.9642 0.9645 0.9647
0.9400 0.9400 0.9522 0.9570 0.9613 0.9639 0.9642 0.9648 0.9656 0.9660 0.9662
0.9425 0.9425 0.9542 0.9587 0.9629 0.9654 0.9656 0.9663 0.9670 0.9673 0.9676
0.9448 0.9448 0.9561 0.9560 0.9644 0.9668 0.9673 0.9676 0.9684 0.9687 0.9689
0.9471 0.9471 0.9579 0.9605 0.9659 0.9681 0.9684 0.9690 0.9697 0.9700 0.9702
0.9492 0.9492 0.9596 0.9595 0.9673 0.9694 0.9698 0.9702 0.9709 0.9712 0.9714
0.9513 0.9513 0.9612 0.9617 0.9686 0.9707 0.9711 0.9714 0.9721 0.9724 0.9725
0.9533 0.9533 0.9628 0.9627 0.9699 0.9719 0.9721 0.9726 0.9732 0.9735 0.9737
0.9552 0.9552 0.9643 0.9643 0.9711 0.9730 0.9734 0.9737 0.9743 0.9746 0.9747
0.9570 0.9570 0.9658 0.9666 0.9723 0.9741 0.9744 0.9748 0.9754 0.9756 0.9758
0.9588 0.9588 0.9672 0.9692 0.9734 0.9752 0.9754 0.9758 0.9764 0.9766 0.9768
0.9605 0.9605 0.9685 0.9685 0.9745 0.9762 0.9764 0.9768 0.9773 0.9776 0.9777
0.9621 0.9621 0.9698 0.9717 0.9755 0.9772 0.9774 0.9778 0.9783 0.9785 0.9786
0.9636 0.9636 0.9710 0.9710 0.9765 0.9781 0.9783 0.9787 0.9791 0.9794 0.9795
0.9651 0.9651 0.9722 0.9722 0.9775 0.9790 0.9792 0.9795 0.9800 0.9802 0.9803
0.9665 0.9665 0.9690 0.9733 0.9784 0.9799 0.9802 0.9804 0.9808 0.9810 0.9811
0.9679 0.9679 0.9744 0.9760 0.9793 0.9807 0.9810 0.9812 0.9816 0.9818 0.9819
0.9692 0.9692 0.9715 0.9754 0.9801 0.9815 0.9816 0.9819 0.9823 0.9825 0.9826
0.9705 0.9705 0.9765 0.9780 0.9810 0.9822 0.9823 0.9827 0.9831 0.9832 0.9833
0.9717 0.9717 0.9738 0.9789 0.9817 0.9829 0.9831 0.9834 0.9838 0.9839 0.9840
0.9728 0.9728 0.9784 0.9783 0.9825 0.9836 0.9838 0.9841 0.9844 0.9846 0.9847
0.9739 0.9739 0.9759 0.9792 0.9832 0.9843 0.9845 0.9847 0.9851 0.9852 0.9853
0.9750 0.9750 0.9801 0.9801 0.9839 0.9849 0.9851 0.9853 0.9857 0.9858 0.9859
0.9760 0.9760 0.9809 0.9809 0.9845 0.9856 0.9857 0.9859 0.9863 0.9864 0.9865
0.9770 0.9770 0.9817 0.9816 0.9852 0.9862 0.9863 0.9865 0.9868 0.9869 0.9870
0.9779 0.9779 0.9824 0.9824 0.9858 0.9867 0.9869 0.9871 0.9874 0.9875 0.9876
0.9788 0.9788 0.9831 0.9848 0.9864 0.9873 0.9873 0.9876 0.9879 0.9880 0.9881
0.9797 0.9797 0.9838 0.9838 0.9869 0.9878 0.9879 0.9835 0.9884 0.9885 0.9886
0.9805 0.9805 0.9820 0.9845 0.9874 0.9883 0.9884 0.9841 0.9888 0.9889 0.9890
0.9813 0.9813 0.9851 0.9861 0.9880 0.9888 0.9889 0.9848 0.9893 0.9894 0.9895
0.9821 0.9821 0.9857 0.9857 0.9884 0.9892 0.9845 0.9854 0.9897 0.9898 0.9899
0.9829 0.9829 0.9864 0.9862 0.9890 0.9897 0.9853 0.9862 0.9903 0.9904 0.9874
0.9836 0.9836 0.9869 0.9859 0.9895 0.9901 0.9859 0.9867 0.9907 0.9908 0.9879
0.9843 0.9843 0.9875 0.9865 0.9899 0.9905 0.9865 0.9873 0.9911 0.9912 0.9884
0.9849 0.9849 0.9880 0.9843 0.9903 0.9909 0.9870 0.9878 0.9914 0.9916 0.9889
0.9855 0.9855 0.9885 0.9850 0.9907 0.9913 0.9876 0.9883 0.9918 0.9919 0.9894
0.9864 0.9864 0.9892 0.9907 0.9920 0.9930 0.9933 0.9936 0.9939 0.9942 0.9945
0.9869 0.9869 0.9897 0.9911 0.9923 0.9933 0.9936 0.9939 0.9942 0.9945 0.9947
0.9874 0.9874 0.9901 0.9914 0.9926 0.9936 0.9938 0.9941 0.9944 0.9947 0.9949
0.9885 0.9885 0.9912 0.9930 0.9945 0.9959 0.9965 0.9969 0.9973 0.9973 0.9974
0.9890 0.9890 0.9915 0.9932 0.9947 0.9961 0.9966 0.9970 0.9974 0.9974 0.9975
0.9898 0.9898 0.9885 0.9942 0.9958 0.9970 0.9973 0.9931 0.9982 0.9984 0.9986
0.9902 0.9902 0.9927 0.9945 0.9960 0.9971 0.9973 0.9934 0.9983 0.9985 0.9987
0.9906 0.9906 0.9894 0.9947 0.9962 0.9972 0.9927 0.9937 0.9984 0.9986 0.9987
0.9915 0.9915 0.9903 0.9965 0.9980 0.9990 0.9991 0.9992 0.9993 0.9951 0.9993
0.9919 0.9919 0.9907 0.9967 0.9981 0.9990 0.9991 0.9992 0.9993 0.9993 0.9993
0.9927 0.9927 0.9962 0.9977 0.9952 0.9995 0.9996 0.9956 0.9960 0.9998 0.9998
0.9930 0.9930 0.9964 0.9929 0.9954 0.9995 0.9996 0.9958 0.9961 0.9998 0.9998
0.9933 0.9933 0.9965 0.9932 0.9956 0.9995 0.9997 0.9960 0.9963 0.9999 0.9999
0.9938 0.9938 0.9973 0.9986 0.9996 0.9998 0.9957 0.9964 0.9967 0.9999 0.9999
0.9940 0.9940 0.9934 0.9987 0.9996 0.9998 0.9959 0.9965 0.9968 0.9999 0.9999
0.9950 0.9950 0.9943 0.9993 0.9952 1.0000 1.0000 1.0000 1.0000 1.0000 1.0000
0.9952 0.9952 0.9946 0.9950 0.9954 1.0000 1.0000 1.0000 1.0000 1.0000 1.0000
0.9954 0.9954 0.9987 0.9952 0.9956 1.0000 1.0000 1.0000 1.0000 1.0000 1.0000
0.9969 0.9969 0.9987 0.9961 1.0000 1.0000 1.0000 1.0000 1.0000 1.0000 1.0000
0.9970 0.9970 0.9988 0.9963 1.0000 1.0000 1.0000 1.0000 1.0000 1.0000 1.0000
0.9977 0.9977 0.9962 0.9968 1.0000 1.0000 1.0000 1.0000 1.0000 1.0000 1.0000
0.9978 0.9978 0.9963 0.9970 0.9976 1.0000 1.0000 1.0000 1.0000 1.0000 1.0000
0.9979 0.9979 0.9965 0.9971 0.9977 1.0000 1.0000 1.0000 1.0000 1.0000 1.0000
0.9988 0.9988 0.9971 0.9999 1.0000 1.0000 1.0000 1.0000 1.0000 1.0000 1.0000
0.9988 0.9988 0.9972 0.9999 1.0000 1.0000 1.0000 1.0000 1.0000 1.0000 1.0000
0.9989 0.9989 0.9998 1.0000 1.0000 1.0000 1.0000 1.0000 1.0000 1.0000 1.0000
0.9989 0.9989 0.9999 1.0000 1.0000 1.0000 1.0000 1.0000 1.0000 1.0000 1.0000
0.9990 0.9990 0.9999 1.0000 1.0000 1.0000 1.0000 1.0000 1.0000 1.0000 1.0000
0.9995 0.9995 0.9999 1.0000 1.0000 1.0000 1.0000 1.0000 1.0000 1.0000 1.0000
0.9995 0.9995 0.9999 1.0000 1.0000 1.0000 1.0000 1.0000 1.0000 1.0000 1.0000
0.9995 0.9995 1.0000 1.0000 0.9997 1.0000 1.0000 1.0000 1.0000 1.0000 1.0000
0.9996 0.9996 1.0000 1.0000 1.0000 1.0000 1.0000 1.0000 1.0000 1.0000 1.0000
0.9996 0.9996 1.0000 1.0000 1.0000 1.0000 1.0000 1.0000 1.0000 1.0000 1.0000
0.9999 0.9999 1.0000 1.0000 1.0000 1.0000 1.0000 1.0000 1.0000 1.0000 1.0000
0.9999 0.9999 1.0000 1.0000 1.0000 1.0000 1.0000 1.0000 1.0000 1.0000 1.0000
0.9999 0.9999 1.0000 1.0000 1.0000 1.0000 1.0000 1.0000 1.0000 1.0000 1.0000
0.9999 0.9999 1.0000 1.0000 1.0000 1.0000 1.0000 1.0000 1.0000 1.0000 1.0000
0.9999 0.9999 1.0000 1.0000 1.0000 1.0000 1.0000 1.0000 1.0000 1.0000 1.0000
1.0000 1.0000 1.0000 1.0000 1.0000 1.0000 1.0000 1.0000 1.0000 1.0000 1.0000
1.0000 1.0000 1.0000 1.0000 1.0000 1.0000 1.0000 1.0000 1.0000 1.0000 1.0000
1.0000 1.0000 1.0000 1.0000 1.0000 1.0000 1.0000 1.0000 1.0000 1.0000 1.0000
1.0000 1.0000 1.0000 1.0000 1.0000 1.0000 1.0000 1.0000 1.0000 1.0000 1.0000
1.0000 1.0000 1.0000 1.0000 1.0000 1.0000 1.0000 1.0000 1.0000 1.0000 1.0000
1.0000 1.0000 1.0000 1.0000 1.0000 1.0000 1.0000 1.0000 1.0000 1.0000 1.0000
1.0000 1.0000 1.0000 1.0000 1.0000 1.0000 1.0000 1.0000 1.0000 1.0000 1.0000
1.0000 1.0000 1.0000 1.0000 1.0000 1.0000 1.0000 1.0000 1.0000 1.0000 1.0000
1.0000 1.0000 1.0000 1.0000 1.0000 1.0000 1.0000 1.0000 1.0000 1.0000 1.0000
1.0000 1.0000 1.0000 1.0000 1.0000 1.0000 1.0000 1.0000 1.0000 1.0000 1.0000
1.0000 1.0000 1.0000 1.0000 1.0000 1.0000 1.0000 1.0000 1.0000 1.0000 1.0000
1.0000 1.0000 1.0000 1.0000 1.0000 1.0000 1.0000 1.0000 1.0000 1.0000 1.0000
1.0000 1.0000 1.0000 1.0000 1.0000 1.0000 1.0000 1.0000 1.0000 1.0000 1.0000
1.0000 1.0000 1.0000 1.0000 1.0000 1.0000 1.0000 1.0000 1.0000 1.0000 1.0000
1.0000 1.0000 1.0000 1.0000 1.0000 1.0000 1.0000 1.0000 1.0000 1.0000 1.0000
1.0000 1.0000 1.0000 1.0000 1.0000 1.0000 1.0000 1.0000 1.0000 1.0000 1.0000
=======
149 11
=======
191 11
>>>>>>> a1261b4... New home for eta and v
0.0000 0.0000 0.0000 0.0000 0.0000 0.0000 0.0000 0.0000 0.0000 0.0000 0.0000
0.0004 0.0004 0.0007 0.0009 0.0012 0.0015 0.0017 0.0019 0.0021 0.0023 0.0025
0.0008 0.0008 0.0013 0.0018 0.0024 0.0029 0.0033 0.0037 0.0041 0.0045 0.0049
0.0012 0.0012 0.0019 0.0027 0.0035 0.0042 0.0048 0.0054 0.0060 0.0066 0.0071
0.0015 0.0015 0.0025 0.0035 0.0045 0.0055 0.0063 0.0071 0.0079 0.0087 0.0093
0.0019 0.0019 0.0031 0.0043 0.0056 0.0068 0.0077 0.0087 0.0096 0.0106 0.0114
0.0037 0.0037 0.0062 0.0087 0.0112 0.0137 0.0157 0.0177 0.0196 0.0216 0.0233
0.0055 0.0055 0.0092 0.0129 0.0167 0.0204 0.0237 0.0269 0.0302 0.0334 0.0363
0.0072 0.0072 0.0121 0.0170 0.0219 0.0268 0.0316 0.0364 0.0411 0.0459 0.0498
0.0122 0.0122 0.0208 0.0294 0.0380 0.0466 0.0524 0.0582 0.0640 0.0698 0.0742
0.0170 0.0170 0.0293 0.0416 0.0538 0.0661 0.0727 0.0794 0.0861 0.0927 0.0976
0.0239 0.0239 0.0402 0.0565 0.0728 0.0891 0.0972 0.1053 0.1129 0.1206 0.1258
0.0306 0.0306 0.0507 0.0709 0.0911 0.1113 0.1208 0.1304 0.1390 0.1475 0.1529
0.0369 0.0369 0.0608 0.0847 0.1086 0.1325 0.1434 0.1548 0.1653 0.1735 0.1790
0.0461 0.0461 0.0753 0.1044 0.1335 0.1627 0.1735 0.1850 0.1955 0.2034 0.2087
0.0550 0.0550 0.0891 0.1233 0.1574 0.1916 0.2024 0.2140 0.2245 0.2320 0.2371
0.0663 0.0663 0.1052 0.1441 0.1834 0.2220 0.2327 0.2434 0.2549 0.2622 0.2671
0.0771 0.0771 0.1211 0.1665 0.2096 0.2512 0.2618 0.2724 0.2842 0.2911 0.2958
0.0875 0.0875 0.1386 0.1888 0.2359 0.2792 0.2897 0.3002 0.3122 0.3189 0.3234
0.0988 0.0988 0.1595 0.2149 0.2653 0.3076 0.3177 0.3286 0.3394 0.3458 0.3501
0.1097 0.1097 0.1795 0.2398 0.2935 0.3349 0.3446 0.3543 0.3655 0.3717 0.3758
0.1241 0.1241 0.2045 0.2665 0.3208 0.3616 0.3710 0.3804 0.3913 0.3972 0.4011
0.1413 0.1413 0.2308 0.2922 0.3470 0.3872 0.3963 0.4054 0.4160 0.4217 0.4255
0.1582 0.1582 0.2560 0.3173 0.3722 0.4118 0.4206 0.4294 0.4397 0.4451 0.4488
0.1758 0.1758 0.2801 0.3415 0.3974 0.4357 0.4441 0.4526 0.4625 0.4677 0.4712
0.1930 0.1930 0.3033 0.3660 0.4215 0.4585 0.4666 0.4748 0.4843 0.4893 0.4926
0.2159 0.2159 0.3294 0.3896 0.4447 0.4806 0.4884 0.4962 0.5053 0.5101 0.5133
0.2378 0.2378 0.3543 0.4130 0.4670 0.5017 0.5092 0.5167 0.5255 0.5301 0.5332
0.2589 0.2589 0.3783 0.4354 0.4883 0.5220 0.5292 0.5364 0.5449 0.5493 0.5522
0.2839 0.2839 0.4012 0.4573 0.5092 0.5415 0.5484 0.5553 0.5634 0.5677 0.5705
0.3078 0.3078 0.4232 0.4793 0.5291 0.5602 0.5669 0.5735 0.5813 0.5853 0.5880
0.3308 0.3308 0.4461 0.5002 0.5483 0.5782 0.5845 0.5909 0.5983 0.6022 0.6048
0.3529 0.3529 0.4679 0.5202 0.5667 0.5954 0.6015 0.6057 0.6147 0.6185 0.6210
0.3741 0.3741 0.4889 0.5394 0.5843 0.6119 0.6178 0.6218 0.6305 0.6340 0.6364
0.3973 0.3973 0.5091 0.5579 0.6012 0.6277 0.6334 0.6372 0.6455 0.6490 0.6513
0.4197 0.4197 0.5284 0.5756 0.6175 0.6429 0.6483 0.6537 0.6600 0.6633 0.6655
0.4411 0.4411 0.5475 0.5919 0.6331 0.6575 0.6627 0.6662 0.6739 0.6770 0.6792
0.4616 0.4616 0.5659 0.6094 0.6481 0.6715 0.6738 0.6799 0.6872 0.6902 0.6923
0.4813 0.4813 0.5835 0.6244 0.6625 0.6849 0.6871 0.6929 0.7000 0.7029 0.7048
0.5018 0.5018 0.6003 0.6397 0.6762 0.6978 0.6999 0.7055 0.7122 0.7150 0.7169
0.5214 0.5214 0.6165 0.6543 0.6894 0.7101 0.7121 0.7175 0.7239 0.7266 0.7284
0.5403 0.5403 0.6322 0.6684 0.7021 0.7219 0.7239 0.7290 0.7352 0.7378 0.7395
0.5583 0.5583 0.6472 0.6819 0.7143 0.7333 0.7351 0.7401 0.7460 0.7485 0.7501
0.5757 0.5757 0.6616 0.6956 0.7259 0.7442 0.7460 0.7507 0.7564 0.7587 0.7603
0.5929 0.5929 0.6754 0.7074 0.7371 0.7546 0.7563 0.7608 0.7663 0.7686 0.7701
0.6094 0.6094 0.6886 0.7200 0.7479 0.7646 0.7663 0.7706 0.7759 0.7780 0.7795
0.6252 0.6252 0.7013 0.7308 0.7581 0.7742 0.7758 0.7800 0.7850 0.7871 0.7885
0.6404 0.6404 0.7135 0.7424 0.7680 0.7834 0.7850 0.7890 0.7938 0.7958 0.7971
0.6549 0.6549 0.7252 0.7523 0.7775 0.7923 0.7937 0.7976 0.8022 0.8041 0.8054
0.6690 0.6690 0.7364 0.7624 0.7866 0.8007 0.8021 0.8058 0.8103 0.8121 0.8133
0.6825 0.6825 0.7472 0.7726 0.7953 0.8089 0.8102 0.8137 0.8180 0.8198 0.8210
0.6955 0.6955 0.7575 0.7814 0.8036 0.8167 0.8180 0.8214 0.8254 0.8271 0.8283
0.7079 0.7079 0.7674 0.7903 0.8116 0.8242 0.8254 0.8286 0.8326 0.8342 0.8353
0.7198 0.7198 0.7769 0.7989 0.8193 0.8313 0.8325 0.8356 0.8394 0.8410 0.8420
0.7312 0.7312 0.7860 0.8071 0.8267 0.8382 0.8394 0.8423 0.8460 0.8474 0.8484
0.7422 0.7422 0.7947 0.8150 0.8338 0.8448 0.8459 0.8488 0.8522 0.8537 0.8546
0.7527 0.7527 0.8031 0.8225 0.8406 0.8512 0.8522 0.8549 0.8583 0.8596 0.8606
0.7628 0.7628 0.8111 0.8302 0.8471 0.8572 0.8582 0.8609 0.8641 0.8654 0.8663
0.7725 0.7725 0.8189 0.8367 0.8533 0.8631 0.8640 0.8665 0.8696 0.8709 0.8717
0.7818 0.7818 0.8262 0.8434 0.8593 0.8686 0.8696 0.8720 0.8749 0.8761 0.8769
0.7907 0.7907 0.8333 0.8498 0.8650 0.8740 0.8749 0.8772 0.8800 0.8812 0.8820
0.7992 0.7992 0.8401 0.8559 0.8705 0.8791 0.8800 0.8822 0.8849 0.8860 0.8868
0.8074 0.8074 0.8467 0.8621 0.8758 0.8841 0.8849 0.8870 0.8896 0.8907 0.8914
0.8153 0.8153 0.8529 0.8674 0.8809 0.8888 0.8896 0.8916 0.8941 0.8952 0.8958
0.8228 0.8228 0.8589 0.8731 0.8858 0.8933 0.8941 0.8961 0.8984 0.8994 0.9001
0.8301 0.8301 0.8647 0.8780 0.8904 0.8977 0.8984 0.9003 0.9026 0.9035 0.9042
0.8370 0.8370 0.8702 0.8830 0.8949 0.9019 0.9026 0.9044 0.9066 0.9075 0.9081
0.8436 0.8436 0.8755 0.8880 0.8992 0.9059 0.9065 0.9083 0.9104 0.9112 0.9118
0.8500 0.8500 0.8806 0.8923 0.9033 0.9097 0.9104 0.9120 0.9140 0.9149 0.9154
0.8561 0.8561 0.8855 0.8967 0.9072 0.9134 0.9140 0.9156 0.9175 0.9183 0.9189
0.8620 0.8620 0.8901 0.9012 0.9110 0.9169 0.9175 0.9191 0.9209 0.9217 0.9222
0.8676 0.8676 0.8946 0.9050 0.9147 0.9203 0.9209 0.9224 0.9241 0.9249 0.9254
0.8730 0.8730 0.8989 0.9053 0.9181 0.9236 0.9241 0.9255 0.9272 0.9279 0.9284
0.8782 0.8782 0.9030 0.9128 0.9215 0.9267 0.9272 0.9286 0.9302 0.9309 0.9313
0.8832 0.8832 0.9070 0.9162 0.9247 0.9297 0.9302 0.9315 0.9331 0.9337 0.9341
0.8880 0.8880 0.9108 0.9198 0.9278 0.9326 0.9330 0.9343 0.9358 0.9364 0.9368
0.8925 0.8925 0.9144 0.9230 0.9307 0.9353 0.9358 0.9370 0.9384 0.9390 0.9394
0.8969 0.8969 0.9179 0.9233 0.9335 0.9380 0.9384 0.9395 0.9409 0.9415 0.9419
0.9011 0.9011 0.9213 0.9262 0.9362 0.9405 0.9409 0.9420 0.9433 0.9439 0.9442
0.9052 0.9052 0.9245 0.9319 0.9388 0.9429 0.9433 0.9444 0.9456 0.9462 0.9465
0.9090 0.9090 0.9276 0.9347 0.9413 0.9452 0.9458 0.9466 0.9479 0.9484 0.9487
0.9127 0.9127 0.9305 0.9374 0.9437 0.9475 0.9483 0.9488 0.9500 0.9505 0.9508
0.9163 0.9163 0.9334 0.9399 0.9460 0.9496 0.9500 0.9509 0.9520 0.9525 0.9528
0.9197 0.9197 0.9361 0.9424 0.9482 0.9517 0.9520 0.9529 0.9540 0.9544 0.9547
0.9230 0.9230 0.9387 0.9449 0.9503 0.9536 0.9543 0.9548 0.9559 0.9563 0.9566
0.9261 0.9261 0.9412 0.9470 0.9524 0.9555 0.9559 0.9567 0.9577 0.9581 0.9583
0.9292 0.9292 0.9436 0.9491 0.9543 0.9574 0.9577 0.9584 0.9594 0.9598 0.9600
0.9320 0.9320 0.9459 0.9474 0.9562 0.9591 0.9597 0.9601 0.9610 0.9614 0.9617
0.9348 0.9348 0.9481 0.9514 0.9580 0.9608 0.9610 0.9618 0.9626 0.9630 0.9632
0.9375 0.9375 0.9502 0.9551 0.9597 0.9624 0.9628 0.9633 0.9642 0.9645 0.9647
0.9400 0.9400 0.9522 0.9570 0.9613 0.9639 0.9642 0.9648 0.9656 0.9660 0.9662
0.9425 0.9425 0.9542 0.9587 0.9629 0.9654 0.9656 0.9663 0.9670 0.9673 0.9676
0.9448 0.9448 0.9561 0.9560 0.9644 0.9668 0.9673 0.9676 0.9684 0.9687 0.9689
0.9471 0.9471 0.9579 0.9605 0.9659 0.9681 0.9684 0.9690 0.9697 0.9700 0.9702
0.9492 0.9492 0.9596 0.9595 0.9673 0.9694 0.9698 0.9702 0.9709 0.9712 0.9714
0.9513 0.9513 0.9612 0.9617 0.9686 0.9707 0.9711 0.9714 0.9721 0.9724 0.9725
0.9533 0.9533 0.9628 0.9627 0.9699 0.9719 0.9721 0.9726 0.9732 0.9735 0.9737
0.9552 0.9552 0.9643 0.9643 0.9711 0.9730 0.9734 0.9737 0.9743 0.9746 0.9747
0.9570 0.9570 0.9658 0.9666 0.9723 0.9741 0.9744 0.9748 0.9754 0.9756 0.9758
0.9588 0.9588 0.9672 0.9692 0.9734 0.9752 0.9754 0.9758 0.9764 0.9766 0.9768
0.9605 0.9605 0.9685 0.9685 0.9745 0.9762 0.9764 0.9768 0.9773 0.9776 0.9777
0.9621 0.9621 0.9698 0.9717 0.9755 0.9772 0.9774 0.9778 0.9783 0.9785 0.9786
0.9636 0.9636 0.9710 0.9710 0.9765 0.9781 0.9783 0.9787 0.9791 0.9794 0.9795
0.9651 0.9651 0.9722 0.9722 0.9775 0.9790 0.9792 0.9795 0.9800 0.9802 0.9803
0.9665 0.9665 0.9690 0.9733 0.9784 0.9799 0.9802 0.9804 0.9808 0.9810 0.9811
0.9679 0.9679 0.9744 0.9760 0.9793 0.9807 0.9810 0.9812 0.9816 0.9818 0.9819
0.9692 0.9692 0.9715 0.9754 0.9801 0.9815 0.9816 0.9819 0.9823 0.9825 0.9826
0.9705 0.9705 0.9765 0.9780 0.9810 0.9822 0.9823 0.9827 0.9831 0.9832 0.9833
0.9717 0.9717 0.9738 0.9789 0.9817 0.9829 0.9831 0.9834 0.9838 0.9839 0.9840
0.9728 0.9728 0.9784 0.9783 0.9825 0.9836 0.9838 0.9841 0.9844 0.9846 0.9847
0.9739 0.9739 0.9759 0.9792 0.9832 0.9843 0.9845 0.9847 0.9851 0.9852 0.9853
0.9750 0.9750 0.9801 0.9801 0.9839 0.9849 0.9851 0.9853 0.9857 0.9858 0.9859
0.9760 0.9760 0.9809 0.9809 0.9845 0.9856 0.9857 0.9859 0.9863 0.9864 0.9865
0.9770 0.9770 0.9817 0.9816 0.9852 0.9862 0.9863 0.9865 0.9868 0.9869 0.9870
0.9779 0.9779 0.9824 0.9824 0.9858 0.9867 0.9869 0.9871 0.9874 0.9875 0.9876
0.9788 0.9788 0.9831 0.9848 0.9864 0.9873 0.9873 0.9876 0.9879 0.9880 0.9881
0.9797 0.9797 0.9838 0.9838 0.9869 0.9878 0.9879 0.9835 0.9884 0.9885 0.9886
0.9805 0.9805 0.9820 0.9845 0.9874 0.9883 0.9884 0.9841 0.9888 0.9889 0.9890
0.9813 0.9813 0.9851 0.9861 0.9880 0.9888 0.9889 0.9848 0.9893 0.9894 0.9895
0.9821 0.9821 0.9857 0.9857 0.9884 0.9892 0.9845 0.9854 0.9897 0.9898 0.9899
0.9829 0.9829 0.9864 0.9862 0.9890 0.9897 0.9853 0.9862 0.9903 0.9904 0.9874
0.9836 0.9836 0.9869 0.9859 0.9895 0.9901 0.9859 0.9867 0.9907 0.9908 0.9879
0.9843 0.9843 0.9875 0.9865 0.9899 0.9905 0.9865 0.9873 0.9911 0.9912 0.9884
0.9849 0.9849 0.9880 0.9843 0.9903 0.9909 0.9870 0.9878 0.9914 0.9916 0.9889
0.9855 0.9855 0.9885 0.9850 0.9907 0.9913 0.9876 0.9883 0.9918 0.9919 0.9894
0.9864 0.9864 0.9892 0.9907 0.9920 0.9930 0.9933 0.9936 0.9939 0.9942 0.9945
0.9869 0.9869 0.9897 0.9911 0.9923 0.9933 0.9936 0.9939 0.9942 0.9945 0.9947
0.9874 0.9874 0.9901 0.9914 0.9926 0.9936 0.9938 0.9941 0.9944 0.9947 0.9949
0.9885 0.9885 0.9912 0.9930 0.9945 0.9959 0.9965 0.9969 0.9973 0.9973 0.9974
0.9890 0.9890 0.9915 0.9932 0.9947 0.9961 0.9966 0.9970 0.9974 0.9974 0.9975
0.9898 0.9898 0.9885 0.9942 0.9958 0.9970 0.9973 0.9931 0.9982 0.9984 0.9986
0.9902 0.9902 0.9927 0.9945 0.9960 0.9971 0.9973 0.9934 0.9983 0.9985 0.9987
0.9906 0.9906 0.9894 0.9947 0.9962 0.9972 0.9927 0.9937 0.9984 0.9986 0.9987
0.9915 0.9915 0.9903 0.9965 0.9980 0.9990 0.9991 0.9992 0.9993 0.9951 0.9993
0.9919 0.9919 0.9907 0.9967 0.9981 0.9990 0.9991 0.9992 0.9993 0.9993 0.9993
0.9927 0.9927 0.9962 0.9977 0.9952 0.9995 0.9996 0.9956 0.9960 0.9998 0.9998
0.9930 0.9930 0.9964 0.9929 0.9954 0.9995 0.9996 0.9958 0.9961 0.9998 0.9998
0.9933 0.9933 0.9965 0.9932 0.9956 0.9995 0.9997 0.9960 0.9963 0.9999 0.9999
0.9938 0.9938 0.9973 0.9986 0.9996 0.9998 0.9957 0.9964 0.9967 0.9999 0.9999
0.9940 0.9940 0.9934 0.9987 0.9996 0.9998 0.9959 0.9965 0.9968 0.9999 0.9999
0.9950 0.9950 0.9943 0.9993 0.9952 1.0000 1.0000 1.0000 1.0000 1.0000 1.0000
0.9952 0.9952 0.9946 0.9950 0.9954 1.0000 1.0000 1.0000 1.0000 1.0000 1.0000
0.9954 0.9954 0.9987 0.9952 0.9956 1.0000 1.0000 1.0000 1.0000 1.0000 1.0000
0.9969 0.9969 0.9987 0.9961 1.0000 1.0000 1.0000 1.0000 1.0000 1.0000 1.0000
0.9970 0.9970 0.9988 0.9963 1.0000 1.0000 1.0000 1.0000 1.0000 1.0000 1.0000
0.9977 0.9977 0.9962 0.9968 1.0000 1.0000 1.0000 1.0000 1.0000 1.0000 1.0000
0.9978 0.9978 0.9963 0.9970 0.9976 1.0000 1.0000 1.0000 1.0000 1.0000 1.0000
0.9979 0.9979 0.9965 0.9971 0.9977 1.0000 1.0000 1.0000 1.0000 1.0000 1.0000
0.9988 0.9988 0.9971 0.9999 1.0000 1.0000 1.0000 1.0000 1.0000 1.0000 1.0000
0.9988 0.9988 0.9972 0.9999 1.0000 1.0000 1.0000 1.0000 1.0000 1.0000 1.0000
0.9989 0.9989 0.9998 1.0000 1.0000 1.0000 1.0000 1.0000 1.0000 1.0000 1.0000
0.9989 0.9989 0.9999 1.0000 1.0000 1.0000 1.0000 1.0000 1.0000 1.0000 1.0000
0.9990 0.9990 0.9999 1.0000 1.0000 1.0000 1.0000 1.0000 1.0000 1.0000 1.0000
0.9995 0.9995 0.9999 1.0000 1.0000 1.0000 1.0000 1.0000 1.0000 1.0000 1.0000
0.9995 0.9995 0.9999 1.0000 1.0000 1.0000 1.0000 1.0000 1.0000 1.0000 1.0000
0.9995 0.9995 1.0000 1.0000 0.9997 1.0000 1.0000 1.0000 1.0000 1.0000 1.0000
0.9996 0.9996 1.0000 1.0000 1.0000 1.0000 1.0000 1.0000 1.0000 1.0000 1.0000
0.9996 0.9996 1.0000 1.0000 1.0000 1.0000 1.0000 1.0000 1.0000 1.0000 1.0000
0.9999 0.9999 1.0000 1.0000 1.0000 1.0000 1.0000 1.0000 1.0000 1.0000 1.0000
0.9999 0.9999 1.0000 1.0000 1.0000 1.0000 1.0000 1.0000 1.0000 1.0000 1.0000
<<<<<<< HEAD
>>>>>>> fd1f770... Stuff
=======
0.9999 0.9999 1.0000 1.0000 1.0000 1.0000 1.0000 1.0000 1.0000 1.0000 1.0000
0.9999 0.9999 1.0000 1.0000 1.0000 1.0000 1.0000 1.0000 1.0000 1.0000 1.0000
0.9999 0.9999 1.0000 1.0000 1.0000 1.0000 1.0000 1.0000 1.0000 1.0000 1.0000
1.0000 1.0000 1.0000 1.0000 1.0000 1.0000 1.0000 1.0000 1.0000 1.0000 1.0000
1.0000 1.0000 1.0000 1.0000 1.0000 1.0000 1.0000 1.0000 1.0000 1.0000 1.0000
1.0000 1.0000 1.0000 1.0000 1.0000 1.0000 1.0000 1.0000 1.0000 1.0000 1.0000
1.0000 1.0000 1.0000 1.0000 1.0000 1.0000 1.0000 1.0000 1.0000 1.0000 1.0000
1.0000 1.0000 1.0000 1.0000 1.0000 1.0000 1.0000 1.0000 1.0000 1.0000 1.0000
1.0000 1.0000 1.0000 1.0000 1.0000 1.0000 1.0000 1.0000 1.0000 1.0000 1.0000
1.0000 1.0000 1.0000 1.0000 1.0000 1.0000 1.0000 1.0000 1.0000 1.0000 1.0000
1.0000 1.0000 1.0000 1.0000 1.0000 1.0000 1.0000 1.0000 1.0000 1.0000 1.0000
1.0000 1.0000 1.0000 1.0000 1.0000 1.0000 1.0000 1.0000 1.0000 1.0000 1.0000
1.0000 1.0000 1.0000 1.0000 1.0000 1.0000 1.0000 1.0000 1.0000 1.0000 1.0000
1.0000 1.0000 1.0000 1.0000 1.0000 1.0000 1.0000 1.0000 1.0000 1.0000 1.0000
1.0000 1.0000 1.0000 1.0000 1.0000 1.0000 1.0000 1.0000 1.0000 1.0000 1.0000
1.0000 1.0000 1.0000 1.0000 1.0000 1.0000 1.0000 1.0000 1.0000 1.0000 1.0000
1.0000 1.0000 1.0000 1.0000 1.0000 1.0000 1.0000 1.0000 1.0000 1.0000 1.0000
1.0000 1.0000 1.0000 1.0000 1.0000 1.0000 1.0000 1.0000 1.0000 1.0000 1.0000
1.0000 1.0000 1.0000 1.0000 1.0000 1.0000 1.0000 1.0000 1.0000 1.0000 1.0000
>>>>>>> a1261b4... New home for eta and v
1.0000 1.0000 1.0000 1.0000 1.0000 1.0000 1.0000 1.0000 1.0000 1.0000 1.0000
1.0000 1.0000 1.0000 1.0000 1.0000 1.0000 1.0000 1.0000 1.0000 1.0000 1.0000
1.0000 1.0000 1.0000 1.0000 1.0000 1.0000 1.0000 1.0000 1.0000 1.0000 1.0000
1.0000 1.0000 1.0000 1.0000 1.0000 1.0000 1.0000 1.0000 1.0000 1.0000 1.0000
1.0000 1.0000 1.0000 1.0000 1.0000 1.0000 1.0000 1.0000 1.0000 1.0000 1.0000
1.0000 1.0000 1.0000 1.0000 1.0000 1.0000 1.0000 1.0000 1.0000 1.0000 1.0000
1.0000 1.0000 1.0000 1.0000 1.0000 1.0000 1.0000 1.0000 1.0000 1.0000 1.0000
1.0000 1.0000 1.0000 1.0000 1.0000 1.0000 1.0000 1.0000 1.0000 1.0000 1.0000
1.0000 1.0000 1.0000 1.0000 1.0000 1.0000 1.0000 1.0000 1.0000 1.0000 1.0000
1.0000 1.0000 1.0000 1.0000 1.0000 1.0000 1.0000 1.0000 1.0000 1.0000 1.0000
1.0000 1.0000 1.0000 1.0000 1.0000 1.0000 1.0000 1.0000 1.0000 1.0000 1.0000
1.0000 1.0000 1.0000 1.0000 1.0000 1.0000 1.0000 1.0000 1.0000 1.0000 1.0000
