184 11
0.0000 0.0000 0.0000 0.0000 0.0000 0.0000 0.0000 0.0000 0.0000 0.0000 0.0000
0.0002 0.0002 0.0004 0.0006 0.0008 0.0010 0.0012 0.0014 0.0016 0.0017 0.0019
0.0004 0.0004 0.0008 0.0012 0.0015 0.0019 0.0023 0.0027 0.0030 0.0034 0.0038
0.0006 0.0006 0.0011 0.0017 0.0023 0.0028 0.0034 0.0039 0.0045 0.0050 0.0055
0.0008 0.0008 0.0015 0.0022 0.0029 0.0037 0.0044 0.0051 0.0058 0.0066 0.0072
0.0009 0.0009 0.0018 0.0027 0.0036 0.0045 0.0054 0.0063 0.0071 0.0080 0.0089
0.0019 0.0019 0.0037 0.0055 0.0074 0.0092 0.0110 0.0128 0.0146 0.0164 0.0181
0.0028 0.0028 0.0055 0.0083 0.0110 0.0137 0.0164 0.0191 0.0218 0.0244 0.0270
0.0053 0.0053 0.0102 0.0150 0.0194 0.0239 0.0278 0.0317 0.0356 0.0395 0.0429
0.0076 0.0076 0.0147 0.0217 0.0277 0.0338 0.0390 0.0443 0.0495 0.0546 0.0593
0.0107 0.0107 0.0207 0.0303 0.0387 0.0472 0.0544 0.0616 0.0687 0.0759 0.0822
0.0136 0.0136 0.0263 0.0387 0.0493 0.0600 0.0692 0.0782 0.0872 0.0962 0.1043
0.0164 0.0164 0.0318 0.0467 0.0595 0.0723 0.0833 0.0942 0.1050 0.1157 0.1254
0.0230 0.0230 0.0446 0.0649 0.0811 0.0974 0.1117 0.1244 0.1364 0.1467 0.1587
0.0293 0.0293 0.0569 0.0823 0.1026 0.1226 0.1397 0.1556 0.1675 0.1781 0.1907
0.0399 0.0399 0.0750 0.1061 0.1308 0.1526 0.1704 0.1882 0.1994 0.2106 0.2226
0.0501 0.0501 0.0928 0.1289 0.1586 0.1816 0.1995 0.2195 0.2309 0.2423 0.2531
0.0614 0.0614 0.1128 0.1536 0.1879 0.2120 0.2311 0.2514 0.2623 0.2732 0.2836
0.0723 0.0723 0.1320 0.1773 0.2160 0.2411 0.2611 0.2819 0.2924 0.3029 0.3118
0.0894 0.0894 0.1568 0.2063 0.2475 0.2718 0.2911 0.3112 0.3213 0.3313 0.3409
0.1058 0.1058 0.1806 0.2342 0.2776 0.3013 0.3198 0.3393 0.3490 0.3586 0.3668
0.1215 0.1215 0.2033 0.2609 0.3066 0.3295 0.3475 0.3663 0.3740 0.3848 0.3936
0.1426 0.1426 0.2282 0.2880 0.3343 0.3566 0.3740 0.3922 0.3996 0.4099 0.4183
0.1627 0.1627 0.2520 0.3139 0.3609 0.3826 0.3994 0.4170 0.4252 0.4340 0.4412
0.1842 0.1842 0.2761 0.3404 0.3870 0.4078 0.4239 0.4408 0.4489 0.4571 0.4640
0.2047 0.2047 0.3012 0.3658 0.4120 0.4319 0.4474 0.4636 0.4714 0.4792 0.4859
0.2300 0.2300 0.3292 0.3914 0.4360 0.4551 0.4700 0.4855 0.4930 0.5005 0.5056
0.2543 0.2543 0.3560 0.4160 0.4590 0.4774 0.4916 0.5065 0.5137 0.5209 0.5270
0.2804 0.2804 0.3817 0.4395 0.4811 0.4987 0.5117 0.5266 0.5325 0.5404 0.5463
0.3054 0.3054 0.4064 0.4621 0.5023 0.5192 0.5323 0.5459 0.5505 0.5592 0.5648
0.3294 0.3294 0.4301 0.4838 0.5226 0.5388 0.5513 0.5645 0.5708 0.5772 0.5815
0.3537 0.3537 0.4533 0.5049 0.5421 0.5576 0.5674 0.5822 0.5874 0.5944 0.5996
0.3770 0.3770 0.4756 0.5251 0.5608 0.5757 0.5856 0.5993 0.6043 0.6110 0.6159
0.4019 0.4019 0.4970 0.5445 0.5787 0.5930 0.6023 0.6156 0.6197 0.6256 0.6316
0.4258 0.4258 0.5176 0.5630 0.5959 0.6096 0.6182 0.6313 0.6359 0.6421 0.6466
0.4487 0.4487 0.5373 0.5809 0.6124 0.6255 0.6357 0.6464 0.6515 0.6567 0.6591
0.4706 0.4706 0.5561 0.5980 0.6282 0.6408 0.6474 0.6580 0.6647 0.6690 0.6749
0.4922 0.4922 0.5743 0.6143 0.6434 0.6525 0.6631 0.6747 0.6786 0.6841 0.6882
0.5129 0.5129 0.5916 0.6301 0.6579 0.6667 0.6768 0.6879 0.6905 0.6970 0.7009
0.5328 0.5328 0.6083 0.6452 0.6719 0.6830 0.6916 0.7007 0.7035 0.7094 0.7131
0.5519 0.5519 0.6243 0.6581 0.6853 0.6959 0.7016 0.7129 0.7164 0.7213 0.7248
0.5702 0.5702 0.6396 0.6720 0.6981 0.7059 0.7145 0.7223 0.7257 0.7326 0.7360
0.5877 0.5877 0.6543 0.6869 0.7105 0.7202 0.7254 0.7337 0.7367 0.7427 0.7468
0.6045 0.6045 0.6684 0.6983 0.7223 0.7284 0.7390 0.7466 0.7498 0.7532 0.7571
0.6207 0.6207 0.6820 0.7106 0.7336 0.7426 0.7483 0.7550 0.7577 0.7640 0.7671
0.6362 0.6362 0.6949 0.7224 0.7445 0.7501 0.7586 0.7669 0.7698 0.7737 0.7766
0.6510 0.6510 0.7074 0.7337 0.7549 0.7603 0.7682 0.7746 0.7792 0.7829 0.7857
0.6652 0.6652 0.7193 0.7446 0.7649 0.7701 0.7791 0.7838 0.7881 0.7918 0.7939
0.6789 0.6789 0.7308 0.7562 0.7745 0.7795 0.7852 0.7909 0.7973 0.7984 0.8028
0.6920 0.6920 0.7418 0.7650 0.7837 0.7885 0.7940 0.8027 0.8035 0.8084 0.8109
0.7046 0.7046 0.7523 0.7746 0.7925 0.7971 0.8023 0.8076 0.8135 0.8162 0.8181
0.7166 0.7166 0.7624 0.7838 0.8010 0.8077 0.8104 0.8155 0.8201 0.8214 0.8260
0.7282 0.7282 0.7721 0.7926 0.8091 0.8134 0.8181 0.8259 0.8259 0.8309 0.8331
0.7393 0.7393 0.7814 0.8020 0.8169 0.8210 0.8270 0.8316 0.8350 0.8378 0.8399
0.7499 0.7499 0.7903 0.8100 0.8244 0.8283 0.8341 0.8362 0.8396 0.8444 0.8464
0.7601 0.7601 0.7989 0.8178 0.8288 0.8353 0.8408 0.8438 0.8463 0.8508 0.8527
0.7699 0.7699 0.8071 0.8253 0.8384 0.8417 0.8460 0.8526 0.8532 0.8556 0.8587
0.7793 0.7793 0.8150 0.8316 0.8450 0.8476 0.8523 0.8574 0.8574 0.8627 0.8638
0.7883 0.7883 0.8225 0.8393 0.8513 0.8534 0.8585 0.8601 0.8648 0.8683 0.8700
0.7970 0.7970 0.8298 0.8451 0.8574 0.8622 0.8641 0.8658 0.8696 0.8737 0.8753
0.8052 0.8052 0.8367 0.8486 0.8632 0.8656 0.8708 0.8732 0.8732 0.8772 0.8804
0.8132 0.8132 0.8434 0.8575 0.8688 0.8733 0.8750 0.8766 0.8808 0.8838 0.8853
0.8208 0.8208 0.8498 0.8639 0.8742 0.8763 0.8813 0.8816 0.8849 0.8885 0.8900
0.8281 0.8281 0.8559 0.8689 0.8793 0.8820 0.8860 0.8872 0.8872 0.8921 0.8945
0.8351 0.8351 0.8618 0.8748 0.8842 0.8872 0.8897 0.8911 0.8919 0.8975 0.8988
0.8419 0.8419 0.8674 0.8776 0.8889 0.8914 0.8942 0.8970 0.9002 0.9016 0.9024
0.8483 0.8483 0.8728 0.8848 0.8935 0.8958 0.8960 0.8998 0.9027 0.9048 0.9069
0.8545 0.8545 0.8780 0.8895 0.8978 0.9001 0.9003 0.9039 0.9047 0.9095 0.9107
0.8605 0.8605 0.8830 0.8935 0.9020 0.9037 0.9043 0.9099 0.9099 0.9128 0.9143
0.8661 0.8661 0.8878 0.8984 0.9060 0.9076 0.9083 0.9128 0.9148 0.9158 0.9178
0.8716 0.8716 0.8924 0.9025 0.9098 0.9103 0.9120 0.9171 0.9171 0.9201 0.9212
0.8768 0.8768 0.8967 0.9065 0.9135 0.9150 0.9156 0.9186 0.9214 0.9234 0.9244
0.8819 0.8819 0.9010 0.9103 0.9170 0.9170 0.9190 0.9219 0.9219 0.9265 0.9275
0.8867 0.8867 0.9050 0.9139 0.9204 0.9222 0.9223 0.9251 0.9285 0.9285 0.9304
0.8913 0.8913 0.9089 0.9171 0.9237 0.9254 0.9255 0.9282 0.9285 0.9285 0.9331
0.8958 0.8958 0.9126 0.9171 0.9268 0.9268 0.9285 0.9311 0.9318 0.9318 0.9360
0.9000 0.9000 0.9162 0.9241 0.9298 0.9298 0.9315 0.9349 0.9349 0.9349 0.9360
0.9041 0.9041 0.9196 0.9268 0.9326 0.9326 0.9343 0.9349 0.9362 0.9366 0.9370
0.9080 0.9080 0.9229 0.9268 0.9354 0.9354 0.9369 0.9374 0.9377 0.9392 0.9396
0.9118 0.9118 0.9260 0.9327 0.9380 0.9391 0.9395 0.9417 0.9422 0.9422 0.9422
0.9154 0.9154 0.9290 0.9327 0.9406 0.9406 0.9420 0.9441 0.9441 0.9441 0.9444
0.9188 0.9188 0.9319 0.9381 0.9430 0.9430 0.9443 0.9464 0.9464 0.9464 0.9467
0.9221 0.9221 0.9347 0.9389 0.9453 0.9453 0.9466 0.9470 0.9470 0.9486 0.9489
0.9253 0.9253 0.9374 0.9399 0.9470 0.9487 0.9488 0.9506 0.9506 0.9507 0.9510
0.9284 0.9284 0.9399 0.9456 0.9470 0.9487 0.9509 0.9533 0.9533 0.9533 0.9533
0.9313 0.9313 0.9424 0.9478 0.9517 0.9517 0.9529 0.9533 0.9533 0.9546 0.9549
0.9341 0.9341 0.9447 0.9478 0.9517 0.9523 0.9548 0.9552 0.9552 0.9565 0.9567
0.9368 0.9368 0.9470 0.9520 0.9556 0.9556 0.9567 0.9570 0.9570 0.9582 0.9585
0.9394 0.9394 0.9492 0.9520 0.9574 0.9574 0.9584 0.9599 0.9599 0.9599 0.9602
0.9418 0.9418 0.9512 0.9520 0.9591 0.9591 0.9601 0.9604 0.9604 0.9616 0.9618
0.9442 0.9442 0.9532 0.9576 0.9608 0.9608 0.9618 0.9637 0.9637 0.9637 0.9637
0.9465 0.9465 0.9551 0.9592 0.9624 0.9624 0.9633 0.9637 0.9637 0.9646 0.9649
0.9487 0.9487 0.9570 0.9592 0.9639 0.9639 0.9648 0.9661 0.9661 0.9661 0.9663
0.9508 0.9508 0.9587 0.9617 0.9654 0.9654 0.9662 0.9675 0.9675 0.9675 0.9677
0.9528 0.9528 0.9604 0.9641 0.9668 0.9668 0.9676 0.9688 0.9688 0.9688 0.9690
0.9547 0.9547 0.9620 0.9641 0.9682 0.9682 0.9689 0.9701 0.9701 0.9701 0.9703
0.9565 0.9565 0.9636 0.9661 0.9695 0.9700 0.9702 0.9704 0.9704 0.9713 0.9715
0.9583 0.9583 0.9650 0.9666 0.9707 0.9707 0.9714 0.9725 0.9725 0.9725 0.9726
0.9600 0.9600 0.9665 0.9666 0.9719 0.9719 0.9726 0.9728 0.9728 0.9736 0.9737
0.9616 0.9616 0.9678 0.9678 0.9731 0.9731 0.9737 0.9747 0.9747 0.9747 0.9748
0.9632 0.9632 0.9692 0.9696 0.9742 0.9742 0.9748 0.9757 0.9757 0.9757 0.9758
0.9647 0.9647 0.9704 0.9705 0.9752 0.9752 0.9758 0.9770 0.9770 0.9770 0.9770
0.9662 0.9662 0.9716 0.9721 0.9762 0.9762 0.9768 0.9776 0.9776 0.9776 0.9778
0.9675 0.9675 0.9728 0.9732 0.9772 0.9772 0.9777 0.9785 0.9785 0.9786 0.9787
0.9689 0.9689 0.9739 0.9740 0.9772 0.9772 0.9787 0.9788 0.9788 0.9794 0.9796
0.9701 0.9701 0.9750 0.9767 0.9772 0.9780 0.9795 0.9803 0.9803 0.9803 0.9804
0.9713 0.9713 0.9760 0.9782 0.9797 0.9797 0.9804 0.9811 0.9811 0.9811 0.9811
0.9725 0.9725 0.9760 0.9782 0.9797 0.9798 0.9812 0.9818 0.9818 0.9818 0.9818
0.9736 0.9736 0.9779 0.9795 0.9797 0.9818 0.9819 0.9826 0.9826 0.9826 0.9826
0.9747 0.9747 0.9788 0.9795 0.9797 0.9819 0.9827 0.9833 0.9833 0.9833 0.9833
0.9757 0.9757 0.9797 0.9797 0.9797 0.9828 0.9834 0.9840 0.9840 0.9840 0.9840
0.9767 0.9767 0.9805 0.9805 0.9805 0.9837 0.9841 0.9846 0.9846 0.9846 0.9846
0.9777 0.9777 0.9813 0.9813 0.9813 0.9837 0.9847 0.9853 0.9853 0.9853 0.9853
0.9786 0.9786 0.9821 0.9821 0.9821 0.9845 0.9853 0.9861 0.9861 0.9861 0.9861
0.9795 0.9795 0.9828 0.9843 0.9843 0.9849 0.9859 0.9864 0.9864 0.9864 0.9864
0.9803 0.9803 0.9835 0.9843 0.9843 0.9859 0.9865 0.9870 0.9870 0.9870 0.9870
0.9811 0.9811 0.9842 0.9843 0.9843 0.9859 0.9871 0.9871 0.9871 0.9871 0.9871
0.9819 0.9819 0.9848 0.9848 0.9848 0.9868 0.9876 0.9876 0.9876 0.9876 0.9876
0.9826 0.9826 0.9848 0.9848 0.9852 0.9877 0.9877 0.9877 0.9877 0.9877 0.9877
0.9833 0.9833 0.9860 0.9862 0.9862 0.9883 0.9883 0.9883 0.9883 0.9883 0.9883
0.9840 0.9840 0.9867 0.9872 0.9872 0.9890 0.9890 0.9890 0.9890 0.9890 0.9890
0.9847 0.9847 0.9872 0.9880 0.9880 0.9890 0.9890 0.9890 0.9890 0.9890 0.9890
0.9853 0.9853 0.9877 0.9880 0.9880 0.9890 0.9890 0.9890 0.9890 0.9890 0.9890
0.9859 0.9859 0.9882 0.9885 0.9885 0.9890 0.9890 0.9890 0.9890 0.9890 0.9893
0.9865 0.9865 0.9887 0.9887 0.9887 0.9890 0.9890 0.9890 0.9890 0.9893 0.9897
0.9872 0.9872 0.9894 0.9902 0.9915 0.9915 0.9915 0.9915 0.9915 0.9915 0.9915
0.9877 0.9877 0.9899 0.9902 0.9918 0.9918 0.9918 0.9918 0.9918 0.9918 0.9918
0.9885 0.9885 0.9907 0.9907 0.9930 0.9936 0.9936 0.9936 0.9936 0.9936 0.9936
0.9889 0.9889 0.9907 0.9918 0.9933 0.9939 0.9939 0.9939 0.9939 0.9939 0.9939
0.9895 0.9895 0.9917 0.9918 0.9941 0.9947 0.9947 0.9947 0.9947 0.9947 0.9947
0.9899 0.9899 0.9921 0.9921 0.9943 0.9949 0.9949 0.9949 0.9949 0.9949 0.9949
0.9904 0.9904 0.9924 0.9924 0.9946 0.9951 0.9951 0.9951 0.9951 0.9951 0.9951
0.9914 0.9914 0.9924 0.9937 0.9946 0.9955 0.9978 0.9984 0.9984 0.9984 0.9984
0.9917 0.9917 0.9925 0.9940 0.9946 0.9955 0.9979 0.9984 0.9984 0.9984 0.9984
0.9928 0.9928 0.9941 0.9972 0.9985 0.9989 0.9989 0.9997 0.9998 1.0000 1.0000
0.9931 0.9931 0.9956 0.9973 0.9986 0.9990 0.9990 0.9997 0.9998 1.0000 1.0000
0.9937 0.9937 0.9962 0.9973 0.9986 0.9990 0.9994 0.9997 1.0000 1.0000 1.0000
0.9939 0.9939 0.9963 0.9973 0.9986 0.9990 0.9994 0.9997 1.0000 1.0000 1.0000
0.9953 0.9953 0.9977 0.9977 0.9997 1.0000 1.0000 1.0000 1.0000 1.0000 1.0000
0.9955 0.9955 0.9978 0.9978 0.9997 1.0000 1.0000 1.0000 1.0000 1.0000 1.0000
0.9957 0.9957 0.9979 0.9979 0.9997 1.0000 1.0000 1.0000 1.0000 1.0000 1.0000
0.9968 0.9968 0.9988 0.9997 1.0000 1.0000 1.0000 1.0000 1.0000 1.0000 1.0000
0.9969 0.9969 0.9989 0.9997 1.0000 1.0000 1.0000 1.0000 1.0000 1.0000 1.0000
0.9974 0.9974 0.9993 0.9999 1.0000 1.0000 1.0000 1.0000 1.0000 1.0000 1.0000
0.9975 0.9975 0.9993 0.9999 1.0000 1.0000 1.0000 1.0000 1.0000 1.0000 1.0000
0.9985 0.9985 0.9999 1.0000 1.0000 1.0000 1.0000 1.0000 1.0000 1.0000 1.0000
0.9986 0.9986 0.9999 1.0000 1.0000 1.0000 1.0000 1.0000 1.0000 1.0000 1.0000
0.9991 0.9991 0.9999 1.0000 1.0000 1.0000 1.0000 1.0000 1.0000 1.0000 1.0000
0.9992 0.9992 0.9999 1.0000 1.0000 1.0000 1.0000 1.0000 1.0000 1.0000 1.0000
0.9992 0.9992 0.9999 1.0000 1.0000 1.0000 1.0000 1.0000 1.0000 1.0000 1.0000
0.9994 0.9994 1.0000 1.0000 1.0000 1.0000 1.0000 1.0000 1.0000 1.0000 1.0000
0.9995 0.9995 1.0000 1.0000 1.0000 1.0000 1.0000 1.0000 1.0000 1.0000 1.0000
0.9999 0.9999 1.0000 1.0000 1.0000 1.0000 1.0000 1.0000 1.0000 1.0000 1.0000
0.9999 0.9999 1.0000 1.0000 1.0000 1.0000 1.0000 1.0000 1.0000 1.0000 1.0000
0.9999 0.9999 1.0000 1.0000 1.0000 1.0000 1.0000 1.0000 1.0000 1.0000 1.0000
0.9999 0.9999 1.0000 1.0000 1.0000 1.0000 1.0000 1.0000 1.0000 1.0000 1.0000
1.0000 1.0000 1.0000 1.0000 1.0000 1.0000 1.0000 1.0000 1.0000 1.0000 1.0000
1.0000 1.0000 1.0000 1.0000 1.0000 1.0000 1.0000 1.0000 1.0000 1.0000 1.0000
1.0000 1.0000 1.0000 1.0000 1.0000 1.0000 1.0000 1.0000 1.0000 1.0000 1.0000
1.0000 1.0000 1.0000 1.0000 1.0000 1.0000 1.0000 1.0000 1.0000 1.0000 1.0000
1.0000 1.0000 1.0000 1.0000 1.0000 1.0000 1.0000 1.0000 1.0000 1.0000 1.0000
1.0000 1.0000 1.0000 1.0000 1.0000 1.0000 1.0000 1.0000 1.0000 1.0000 1.0000
1.0000 1.0000 1.0000 1.0000 1.0000 1.0000 1.0000 1.0000 1.0000 1.0000 1.0000
1.0000 1.0000 1.0000 1.0000 1.0000 1.0000 1.0000 1.0000 1.0000 1.0000 1.0000
1.0000 1.0000 1.0000 1.0000 1.0000 1.0000 1.0000 1.0000 1.0000 1.0000 1.0000
1.0000 1.0000 1.0000 1.0000 1.0000 1.0000 1.0000 1.0000 1.0000 1.0000 1.0000
1.0000 1.0000 1.0000 1.0000 1.0000 1.0000 1.0000 1.0000 1.0000 1.0000 1.0000
1.0000 1.0000 1.0000 1.0000 1.0000 1.0000 1.0000 1.0000 1.0000 1.0000 1.0000
1.0000 1.0000 1.0000 1.0000 1.0000 1.0000 1.0000 1.0000 1.0000 1.0000 1.0000
1.0000 1.0000 1.0000 1.0000 1.0000 1.0000 1.0000 1.0000 1.0000 1.0000 1.0000
1.0000 1.0000 1.0000 1.0000 1.0000 1.0000 1.0000 1.0000 1.0000 1.0000 1.0000
1.0000 1.0000 1.0000 1.0000 1.0000 1.0000 1.0000 1.0000 1.0000 1.0000 1.0000
1.0000 1.0000 1.0000 1.0000 1.0000 1.0000 1.0000 1.0000 1.0000 1.0000 1.0000
1.0000 1.0000 1.0000 1.0000 1.0000 1.0000 1.0000 1.0000 1.0000 1.0000 1.0000
1.0000 1.0000 1.0000 1.0000 1.0000 1.0000 1.0000 1.0000 1.0000 1.0000 1.0000
1.0000 1.0000 1.0000 1.0000 1.0000 1.0000 1.0000 1.0000 1.0000 1.0000 1.0000
1.0000 1.0000 1.0000 1.0000 1.0000 1.0000 1.0000 1.0000 1.0000 1.0000 1.0000
1.0000 1.0000 1.0000 1.0000 1.0000 1.0000 1.0000 1.0000 1.0000 1.0000 1.0000
1.0000 1.0000 1.0000 1.0000 1.0000 1.0000 1.0000 1.0000 1.0000 1.0000 1.0000
1.0000 1.0000 1.0000 1.0000 1.0000 1.0000 1.0000 1.0000 1.0000 1.0000 1.0000
1.0000 1.0000 1.0000 1.0000 1.0000 1.0000 1.0000 1.0000 1.0000 1.0000 1.0000
1.0000 1.0000 1.0000 1.0000 1.0000 1.0000 1.0000 1.0000 1.0000 1.0000 1.0000
1.0000 1.0000 1.0000 1.0000 1.0000 1.0000 1.0000 1.0000 1.0000 1.0000 1.0000
1.0000 1.0000 1.0000 1.0000 1.0000 1.0000 1.0000 1.0000 1.0000 1.0000 1.0000
