#NumNodes NumBases UnitTravelTime RespThreshold
25 25 4.510000 9.00
#DemandNodes: x y
0 0.50 0.50 0.040000
1 0.50 1.50 0.040000
2 0.50 2.50 0.040000
3 0.50 3.50 0.040000
4 0.50 4.50 0.040000
5 1.50 0.50 0.040000
6 1.50 1.50 0.040000
7 1.50 2.50 0.040000
8 1.50 3.50 0.040000
9 1.50 4.50 0.040000
10 2.50 0.50 0.040000
11 2.50 1.50 0.040000
12 2.50 2.50 0.040000
13 2.50 3.50 0.040000
14 2.50 4.50 0.040000
15 3.50 0.50 0.040000
16 3.50 1.50 0.040000
17 3.50 2.50 0.040000
18 3.50 3.50 0.040000
19 3.50 4.50 0.040000
20 4.50 0.50 0.040000
21 4.50 1.50 0.040000
22 4.50 2.50 0.040000
23 4.50 3.50 0.040000
24 4.50 4.50 0.040000
#Bases: x y NumAmbs Cluster
0 0.50 0.50 0 -1
1 0.50 1.50 0 -1
2 0.50 2.50 1 -1
3 0.50 3.50 0 -1
4 0.50 4.50 0 -1
5 1.50 0.50 0 -1
6 1.50 1.50 1 -1
7 1.50 2.50 0 -1
8 1.50 3.50 1 -1
9 1.50 4.50 0 -1
10 2.50 0.50 0 -1
11 2.50 1.50 0 -1
12 2.50 2.50 1 -1
13 2.50 3.50 0 -1
14 2.50 4.50 0 -1
15 3.50 0.50 0 -1
16 3.50 1.50 1 -1
17 3.50 2.50 0 -1
18 3.50 3.50 1 -1
19 3.50 4.50 0 -1
20 4.50 0.50 0 -1
21 4.50 1.50 0 -1
22 4.50 2.50 1 -1
23 4.50 3.50 0 -1
24 4.50 4.50 0 -1
