#NumNodes NumBases UnitTravelTime RespThreshold
25 5 4.500000 9.00
#DemandNodes: x y
0 0.50 0.50 0.014636
1 0.50 1.50 0.021131
2 0.50 2.50 0.023883
3 0.50 3.50 0.021131
4 0.50 4.50 0.014636
5 1.50 0.50 0.021131
6 1.50 1.50 0.030508
7 1.50 2.50 0.034481
8 1.50 3.50 0.030508
9 1.50 4.50 0.021131
10 2.50 0.50 0.023883
11 2.50 1.50 0.034481
12 2.50 2.50 0.038972
13 2.50 3.50 0.034481
14 2.50 4.50 0.023883
15 3.50 0.50 0.021131
16 3.50 1.50 0.030508
17 3.50 2.50 0.034481
18 3.50 3.50 0.030508
19 3.50 4.50 0.021131
20 4.50 0.50 0.014636
21 4.50 1.50 0.021131
22 4.50 2.50 0.023883
23 4.50 3.50 0.021131
24 4.50 4.50 0.014636
#Bases: x y NumAmbs Cluster
0 1.50 3.50 2 -1
1 3.50 3.50 2 -1
2 2.50 2.50 2 -1
3 1.50 1.50 2 -1
4 3.50 1.50 2 -1
