41 5
0.0000 0.0000 0.0000 0.0000 0.0000
0.0000 0.0000 0.0000 0.0000 0.0000
0.0000 0.0000 0.0000 0.0000 0.0000
0.0000 0.0000 0.0000 0.0000 0.0000
0.0000 0.0000 0.0000 0.0000 0.0000
0.0000 0.0000 0.0000 0.0000 0.0000
0.0000 0.0000 0.0000 0.0000 0.0000
0.0000 0.0000 0.0000 0.0000 0.0000
0.0000 0.0000 0.0000 0.0000 0.0000
0.0000 0.0000 0.0000 0.0000 0.0000
0.0000 0.0000 0.0000 0.0000 0.0000
0.0000 0.0000 0.0000 0.0000 0.0000
0.0012 0.0012 0.0024 0.0037 0.0049
0.0024 0.0024 0.0049 0.0073 0.0098
0.0083 0.0083 0.0165 0.0248 0.0331
0.0141 0.0141 0.0282 0.0423 0.0563
0.0333 0.0333 0.0641 0.0858 0.1076
0.0524 0.0524 0.0999 0.1294 0.1588
0.0905 0.0905 0.1618 0.1959 0.2299
0.1287 0.1287 0.2236 0.2624 0.3011
0.1885 0.1885 0.2976 0.3378 0.3780
0.2483 0.2483 0.3716 0.4133 0.4550
0.3181 0.3181 0.4478 0.4898 0.5319
0.3878 0.3878 0.5240 0.5664 0.6088
0.4632 0.4632 0.6009 0.6433 0.6857
0.5375 0.5375 0.6754 0.7166 0.7578
0.6128 0.6128 0.7499 0.7898 0.8298
0.6836 0.6836 0.8152 0.8493 0.8834
0.7547 0.7547 0.8804 0.9088 0.9371
0.8124 0.8124 0.9215 0.9421 0.9628
0.8702 0.8702 0.9625 0.9755 0.9885
0.9090 0.9090 0.9776 0.9859 0.9943
0.9478 0.9478 0.9927 0.9963 1.0000
0.9648 0.9648 0.9956 0.9978 1.0000
0.9819 0.9819 0.9985 0.9993 1.0000
0.9891 0.9891 0.9993 0.9996 1.0000
0.9963 0.9963 1.0000 1.0000 1.0000
0.9978 0.9978 1.0000 1.0000 1.0000
0.9993 0.9993 1.0000 1.0000 1.0000
0.9996 0.9996 1.0000 1.0000 1.0000
1.0000 1.0000 1.0000 1.0000 1.0000
