150
1 0.032784
2 0.031709
3 0.030670
4 0.029664
5 0.028692
6 0.027751
7 0.026841
8 0.025961
9 0.025110
10 0.024287
11 0.023491
12 0.022721
13 0.021976
14 0.021255
15 0.020558
16 0.019884
17 0.019233
18 0.018602
19 0.017992
20 0.017402
21 0.016832
22 0.016280
23 0.015746
24 0.015230
25 0.014731
26 0.014248
27 0.013781
28 0.013329
29 0.012892
30 0.012469
31 0.012061
32 0.011665
33 0.011283
34 0.010913
35 0.010555
36 0.010209
37 0.009874
38 0.009551
39 0.009237
40 0.008935
41 0.008642
42 0.008358
43 0.008084
44 0.007819
45 0.007563
46 0.007315
47 0.007075
48 0.006843
49 0.006619
50 0.006402
51 0.006192
52 0.005989
53 0.005793
54 0.005603
55 0.005419
56 0.005241
57 0.005070
58 0.004903
59 0.004743
60 0.004587
61 0.004437
62 0.004291
63 0.004151
64 0.004015
65 0.003883
66 0.003756
67 0.003633
68 0.003513
69 0.003398
70 0.003287
71 0.003179
72 0.003075
73 0.002974
74 0.002877
75 0.002782
76 0.002691
77 0.002603
78 0.002518
79 0.002435
80 0.002355
81 0.002278
82 0.002203
83 0.002131
84 0.002061
85 0.001994
86 0.001928
87 0.001865
88 0.001804
89 0.001745
90 0.001688
91 0.001632
92 0.001579
93 0.001527
94 0.001477
95 0.001428
96 0.001382
97 0.001336
98 0.001293
99 0.001250
100 0.001209
101 0.001170
102 0.001131
103 0.001094
104 0.001058
105 0.001024
106 0.000990
107 0.000958
108 0.000926
109 0.000896
110 0.000866
111 0.000838
112 0.000811
113 0.000784
114 0.000758
115 0.000733
116 0.000709
117 0.000686
118 0.000664
119 0.000642
120 0.000621
121 0.000600
122 0.000581
123 0.000562
124 0.000543
125 0.000526
126 0.000508
127 0.000492
128 0.000475
129 0.000460
130 0.000445
131 0.000430
132 0.000416
133 0.000402
134 0.000389
135 0.000377
136 0.000364
137 0.000352
138 0.000341
139 0.000330
140 0.000319
141 0.000308
142 0.000298
143 0.000288
144 0.000279
145 0.000270
146 0.000261
147 0.000252
148 0.000244
149 0.000236
150 0.006966
