60
1 0.000000
2 0.000001
3 0.000009
4 0.000032
5 0.000086
6 0.000191
7 0.000371
8 0.000656
9 0.001079
10 0.001680
11 0.002499
12 0.003582
13 0.004976
14 0.006726
15 0.008877
16 0.011467
17 0.014523
18 0.018058
19 0.022064
20 0.026507
21 0.031320
22 0.036398
23 0.041591
24 0.046712
25 0.051531
26 0.055790
27 0.059217
28 0.061548
29 0.062555
30 0.062073
31 0.060033
32 0.056479
33 0.051581
34 0.045627
35 0.038995
36 0.032115
37 0.025416
38 0.019272
39 0.013955
40 0.009619
41 0.006288
42 0.003884
43 0.002257
44 0.001230
45 0.000625
46 0.000295
47 0.000129
48 0.000052
49 0.000019
50 0.000006
51 0.000002
52 0.000001
53 0.000000
54 0.000000
55 0.000000
56 0.000000
57 0.000000
58 0.000000
59 0.000000
60 0.000000
