149 6
0.0000 0.0000 0.0000 0.0000 0.0000 0.0000
0.0005 0.0005 0.0008 0.0011 0.0013 0.0016
0.0010 0.0010 0.0015 0.0021 0.0026 0.0031
0.0035 0.0035 0.0053 0.0071 0.0089 0.0107
0.0084 0.0084 0.0128 0.0171 0.0215 0.0258
0.0149 0.0149 0.0228 0.0307 0.0385 0.0464
0.0268 0.0268 0.0395 0.0522 0.0650 0.0777
0.0428 0.0428 0.0603 0.0811 0.0969 0.1129
0.0595 0.0595 0.0834 0.1117 0.1323 0.1476
0.0805 0.0805 0.1136 0.1450 0.1676 0.1823
0.1056 0.1056 0.1475 0.1787 0.2015 0.2155
0.1313 0.1313 0.1809 0.2116 0.2341 0.2476
0.1612 0.1612 0.2143 0.2437 0.2653 0.2783
0.1934 0.1934 0.2462 0.2745 0.2953 0.3077
0.2250 0.2250 0.2770 0.3041 0.3241 0.3360
0.2565 0.2565 0.3065 0.3325 0.3517 0.3631
0.2868 0.2868 0.3348 0.3598 0.3781 0.3891
0.3159 0.3159 0.3619 0.3859 0.4035 0.4140
0.3438 0.3438 0.3880 0.4110 0.4278 0.4379
0.3706 0.3706 0.4130 0.4350 0.4512 0.4609
0.3963 0.3963 0.4369 0.4581 0.4736 0.4829
0.4209 0.4209 0.4599 0.4802 0.4951 0.5040
0.4445 0.4445 0.4819 0.5014 0.5157 0.5242
0.4672 0.4672 0.5031 0.5217 0.5354 0.5436
0.4889 0.4889 0.5234 0.5413 0.5544 0.5622
0.5098 0.5098 0.5428 0.5600 0.5726 0.5801
0.5298 0.5298 0.5615 0.5779 0.5900 0.5972
0.5490 0.5490 0.5794 0.5952 0.6068 0.6137
0.5674 0.5674 0.5965 0.6117 0.6228 0.6295
0.5851 0.5851 0.6130 0.6275 0.6382 0.6446
0.6020 0.6020 0.6288 0.6427 0.6530 0.6591
0.6182 0.6182 0.6439 0.6573 0.6671 0.6730
0.6338 0.6338 0.6585 0.6713 0.6807 0.6863
0.6488 0.6488 0.6724 0.6847 0.6937 0.6991
0.6631 0.6631 0.6858 0.6976 0.7062 0.7114
0.6768 0.6768 0.6986 0.7099 0.7182 0.7232
0.6900 0.6900 0.7109 0.7218 0.7297 0.7345
0.7027 0.7027 0.7227 0.7331 0.7408 0.7453
0.7148 0.7148 0.7340 0.7440 0.7513 0.7557
0.7265 0.7265 0.7449 0.7544 0.7615 0.7657
0.7376 0.7376 0.7553 0.7645 0.7712 0.7753
0.7483 0.7483 0.7653 0.7741 0.7806 0.7844
0.7586 0.7586 0.7748 0.7833 0.7895 0.7932
0.7684 0.7684 0.7840 0.7921 0.7981 0.8017
0.7779 0.7779 0.7929 0.8006 0.8063 0.8098
0.7870 0.7870 0.8013 0.8088 0.8142 0.8175
0.7957 0.7957 0.8094 0.8166 0.8218 0.8250
0.8040 0.8040 0.8172 0.8241 0.8291 0.8321
0.8120 0.8120 0.8247 0.8312 0.8361 0.8390
0.8197 0.8197 0.8318 0.8381 0.8428 0.8455
0.8270 0.8270 0.8387 0.8447 0.8492 0.8518
0.8341 0.8341 0.8453 0.8511 0.8553 0.8579
0.8409 0.8409 0.8516 0.8571 0.8612 0.8637
0.8474 0.8474 0.8576 0.8630 0.8669 0.8692
0.8536 0.8536 0.8634 0.8686 0.8723 0.8746
0.8596 0.8596 0.8690 0.8739 0.8775 0.8797
0.8653 0.8653 0.8744 0.8791 0.8825 0.8846
0.8708 0.8708 0.8795 0.8840 0.8873 0.8893
0.8761 0.8761 0.8844 0.8887 0.8919 0.8938
0.8811 0.8811 0.8891 0.8933 0.8963 0.8982
0.8860 0.8860 0.8936 0.8976 0.9006 0.9023
0.8906 0.8906 0.8980 0.9018 0.9046 0.9063
0.8951 0.8951 0.9022 0.9058 0.9085 0.9101
0.8994 0.8994 0.9018 0.9097 0.9123 0.9138
0.9035 0.9035 0.9100 0.9134 0.9158 0.9173
0.9074 0.9074 0.9136 0.9169 0.9193 0.9207
0.9112 0.9112 0.9172 0.9203 0.9226 0.9239
0.9148 0.9148 0.9206 0.9235 0.9257 0.9270
0.9183 0.9183 0.9238 0.9267 0.9288 0.9300
0.9216 0.9216 0.9269 0.9296 0.9317 0.9329
0.9248 0.9248 0.9266 0.9325 0.9345 0.9356
0.9279 0.9279 0.9327 0.9353 0.9371 0.9382
0.9308 0.9308 0.9355 0.9379 0.9397 0.9408
0.9337 0.9337 0.9381 0.9404 0.9422 0.9432
0.9364 0.9364 0.9407 0.9429 0.9445 0.9455
0.9390 0.9390 0.9431 0.9452 0.9468 0.9477
0.9415 0.9415 0.9454 0.9474 0.9490 0.9499
0.9438 0.9438 0.9476 0.9496 0.9510 0.9519
0.9461 0.9461 0.9498 0.9516 0.9530 0.9539
0.9483 0.9483 0.9518 0.9536 0.9550 0.9557
0.9504 0.9504 0.9538 0.9555 0.9568 0.9576
0.9525 0.9525 0.9557 0.9573 0.9586 0.9593
0.9544 0.9544 0.9575 0.9591 0.9602 0.9609
0.9563 0.9563 0.9592 0.9607 0.9619 0.9625
0.9581 0.9581 0.9609 0.9623 0.9634 0.9641
0.9598 0.9598 0.9625 0.9639 0.9649 0.9655
0.9614 0.9614 0.9640 0.9654 0.9663 0.9669
0.9630 0.9630 0.9655 0.9668 0.9677 0.9683
0.9645 0.9645 0.9669 0.9681 0.9690 0.9696
0.9659 0.9659 0.9682 0.9694 0.9703 0.9708
0.9673 0.9673 0.9695 0.9707 0.9715 0.9720
0.9687 0.9687 0.9708 0.9719 0.9727 0.9732
0.9699 0.9699 0.9707 0.9730 0.9738 0.9743
0.9712 0.9712 0.9731 0.9741 0.9749 0.9753
0.9723 0.9723 0.9742 0.9752 0.9759 0.9763
0.9735 0.9735 0.9753 0.9762 0.9769 0.9773
0.9746 0.9746 0.9763 0.9772 0.9778 0.9782
0.9756 0.9756 0.9772 0.9781 0.9787 0.9791
0.9766 0.9766 0.9771 0.9790 0.9796 0.9799
0.9775 0.9775 0.9791 0.9798 0.9804 0.9808
0.9785 0.9785 0.9799 0.9807 0.9812 0.9816
0.9793 0.9793 0.9807 0.9815 0.9820 0.9823
0.9802 0.9802 0.9815 0.9822 0.9827 0.9830
0.9810 0.9810 0.9823 0.9829 0.9834 0.9837
0.9818 0.9818 0.9830 0.9836 0.9841 0.9844
0.9825 0.9825 0.9797 0.9843 0.9848 0.9850
0.9832 0.9832 0.9844 0.9849 0.9854 0.9856
0.9839 0.9839 0.9850 0.9856 0.9860 0.9862
0.9846 0.9846 0.9821 0.9861 0.9865 0.9868
0.9852 0.9852 0.9828 0.9867 0.9871 0.9873
0.9858 0.9858 0.9868 0.9873 0.9876 0.9878
0.9864 0.9864 0.9873 0.9878 0.9881 0.9883
0.9869 0.9869 0.9878 0.9883 0.9886 0.9888
0.9875 0.9875 0.9883 0.9888 0.9891 0.9893
0.9880 0.9880 0.9888 0.9892 0.9895 0.9897
0.9885 0.9885 0.9866 0.9897 0.9899 0.9901
0.9889 0.9889 0.9897 0.9901 0.9904 0.9905
0.9894 0.9894 0.9877 0.9905 0.9908 0.9909
0.9898 0.9898 0.9905 0.9909 0.9911 0.9913
0.9902 0.9902 0.9909 0.9912 0.9915 0.9916
0.9907 0.9907 0.9892 0.9917 0.9920 0.9922
0.9911 0.9911 0.9917 0.9921 0.9923 0.9926
0.9918 0.9918 0.9902 0.9910 0.9915 0.9939
0.9926 0.9926 0.9908 0.9916 0.9922 0.9954
0.9932 0.9932 0.9914 0.9922 0.9929 0.9966
0.9944 0.9944 0.9921 0.9932 0.9941 0.9943
0.9954 0.9954 0.9971 0.9939 0.9996 0.9949
0.9958 0.9958 0.9931 0.9945 0.9997 0.9955
0.9968 0.9968 0.9988 0.9957 0.9965 1.0000
0.9977 0.9977 0.9949 0.9965 1.0000 1.0000
0.9981 0.9981 0.9998 0.9969 1.0000 1.0000
0.9990 0.9990 1.0000 1.0000 1.0000 1.0000
0.9996 0.9996 0.9973 1.0000 1.0000 1.0000
0.9998 0.9998 1.0000 1.0000 1.0000 1.0000
1.0000 1.0000 1.0000 1.0000 1.0000 1.0000
1.0000 1.0000 1.0000 1.0000 1.0000 1.0000
1.0000 1.0000 1.0000 1.0000 1.0000 1.0000
1.0000 1.0000 1.0000 1.0000 1.0000 1.0000
1.0000 1.0000 1.0000 1.0000 1.0000 1.0000
1.0000 1.0000 1.0000 1.0000 1.0000 1.0000
1.0000 1.0000 1.0000 1.0000 1.0000 1.0000
1.0000 1.0000 1.0000 1.0000 1.0000 1.0000
1.0000 1.0000 1.0000 1.0000 1.0000 1.0000
1.0000 1.0000 1.0000 1.0000 1.0000 1.0000
1.0000 1.0000 1.0000 1.0000 1.0000 1.0000
1.0000 1.0000 1.0000 1.0000 1.0000 1.0000
1.0000 1.0000 1.0000 1.0000 1.0000 1.0000
1.0000 1.0000 1.0000 1.0000 1.0000 1.0000
1.0000 1.0000 1.0000 1.0000 1.0000 1.0000
