<<<<<<< HEAD
<<<<<<< HEAD
#NumNodes NumBases UnitTravelTime RespThreshold
225 25 1.000000 2.00
#DemandNodes: x y
=======
#NumNodes NumBases RespThreshold
225 25 2.00
#DemandNodes
>>>>>>> 286f77c... Continuous coordinates
=======
#NumNodes NumBases UnitTravelTime RespThreshold
225 25 1.000000 2.00
#DemandNodes: x y
>>>>>>> a1261b4... New home for eta and v
0 0.50 0.50 0.012371
1 0.50 1.50 0.023574
2 0.50 2.50 0.029401
3 0.50 3.50 0.024219
4 0.50 4.50 0.013657
5 0.50 5.50 0.006095
6 0.50 6.50 0.003267
7 0.50 7.50 0.003267
8 0.50 8.50 0.006095
9 0.50 9.50 0.013657
10 0.50 10.50 0.024219
11 0.50 11.50 0.029401
12 0.50 12.50 0.023574
13 0.50 13.50 0.012371
14 0.50 14.50 0.004236
15 1.50 0.50 0.023574
16 1.50 1.50 0.044960
17 1.50 2.50 0.056206
18 1.50 3.50 0.046624
19 1.50 4.50 0.026891
20 1.50 5.50 0.012858
21 1.50 6.50 0.007698
22 1.50 7.50 0.007698
23 1.50 8.50 0.012858
24 1.50 9.50 0.026891
25 1.50 10.50 0.046624
26 1.50 11.50 0.056206
27 1.50 12.50 0.044960
28 1.50 13.50 0.023574
29 1.50 14.50 0.008073
30 2.50 0.50 0.029401
31 2.50 1.50 0.056206
32 2.50 2.50 0.070750
33 2.50 3.50 0.059869
34 2.50 4.50 0.036705
35 2.50 5.50 0.020580
36 2.50 6.50 0.014984
37 2.50 7.50 0.014984
38 2.50 8.50 0.020580
39 2.50 9.50 0.036705
40 2.50 10.50 0.059869
41 2.50 11.50 0.070750
42 2.50 12.50 0.056206
43 2.50 13.50 0.029401
44 2.50 14.50 0.010066
45 3.50 0.50 0.024219
46 3.50 1.50 0.046624
47 3.50 2.50 0.059869
48 3.50 3.50 0.053512
49 3.50 4.50 0.037954
50 3.50 5.50 0.028027
51 3.50 6.50 0.025461
52 3.50 7.50 0.025461
53 3.50 8.50 0.028027
54 3.50 9.50 0.037954
55 3.50 10.50 0.053512
56 3.50 11.50 0.059869
57 3.50 12.50 0.046624
58 3.50 13.50 0.024219
59 3.50 14.50 0.008286
60 4.50 0.50 0.013657
61 4.50 1.50 0.026891
62 4.50 2.50 0.036705
63 4.50 3.50 0.037954
64 4.50 4.50 0.035711
65 4.50 5.50 0.036337
66 4.50 6.50 0.038681
67 4.50 7.50 0.038681
68 4.50 8.50 0.036337
69 4.50 9.50 0.035711
70 4.50 10.50 0.037954
71 4.50 11.50 0.036705
72 4.50 12.50 0.026891
73 4.50 13.50 0.013657
74 4.50 14.50 0.004662
75 5.50 0.50 0.006095
76 5.50 1.50 0.012858
77 5.50 2.50 0.020580
78 5.50 3.50 0.028027
79 5.50 4.50 0.036337
80 5.50 5.50 0.045489
81 5.50 6.50 0.051939
82 5.50 7.50 0.051939
83 5.50 8.50 0.045489
84 5.50 9.50 0.036337
85 5.50 10.50 0.028027
86 5.50 11.50 0.020580
87 5.50 12.50 0.012858
88 5.50 13.50 0.006095
89 5.50 14.50 0.002066
90 6.50 0.50 0.003267
91 6.50 1.50 0.007698
92 6.50 2.50 0.014984
93 6.50 3.50 0.025461
94 6.50 4.50 0.038681
95 6.50 5.50 0.051939
96 6.50 6.50 0.060484
97 6.50 7.50 0.060484
98 6.50 8.50 0.051939
99 6.50 9.50 0.038681
100 6.50 10.50 0.025461
101 6.50 11.50 0.014984
102 6.50 12.50 0.007698
103 6.50 13.50 0.003267
104 6.50 14.50 0.001094
105 7.50 0.50 0.003267
106 7.50 1.50 0.007698
107 7.50 2.50 0.014984
108 7.50 3.50 0.025461
109 7.50 4.50 0.038681
110 7.50 5.50 0.051939
111 7.50 6.50 0.060484
112 7.50 7.50 0.060484
113 7.50 8.50 0.051939
114 7.50 9.50 0.038681
115 7.50 10.50 0.025461
116 7.50 11.50 0.014984
117 7.50 12.50 0.007698
118 7.50 13.50 0.003267
119 7.50 14.50 0.001094
120 8.50 0.50 0.006095
121 8.50 1.50 0.012858
122 8.50 2.50 0.020580
123 8.50 3.50 0.028027
124 8.50 4.50 0.036337
125 8.50 5.50 0.045489
126 8.50 6.50 0.051939
127 8.50 7.50 0.051939
128 8.50 8.50 0.045489
129 8.50 9.50 0.036337
130 8.50 10.50 0.028027
131 8.50 11.50 0.020580
132 8.50 12.50 0.012858
133 8.50 13.50 0.006095
134 8.50 14.50 0.002066
135 9.50 0.50 0.013657
136 9.50 1.50 0.026891
137 9.50 2.50 0.036705
138 9.50 3.50 0.037954
139 9.50 4.50 0.035711
140 9.50 5.50 0.036337
141 9.50 6.50 0.038681
142 9.50 7.50 0.038681
143 9.50 8.50 0.036337
144 9.50 9.50 0.035711
145 9.50 10.50 0.037954
146 9.50 11.50 0.036705
147 9.50 12.50 0.026891
148 9.50 13.50 0.013657
149 9.50 14.50 0.004662
150 10.50 0.50 0.024219
151 10.50 1.50 0.046624
152 10.50 2.50 0.059869
153 10.50 3.50 0.053512
154 10.50 4.50 0.037954
155 10.50 5.50 0.028027
156 10.50 6.50 0.025461
157 10.50 7.50 0.025461
158 10.50 8.50 0.028027
159 10.50 9.50 0.037954
160 10.50 10.50 0.053512
161 10.50 11.50 0.059869
162 10.50 12.50 0.046624
163 10.50 13.50 0.024219
164 10.50 14.50 0.008286
165 11.50 0.50 0.029401
166 11.50 1.50 0.056206
167 11.50 2.50 0.070750
168 11.50 3.50 0.059869
169 11.50 4.50 0.036705
170 11.50 5.50 0.020580
171 11.50 6.50 0.014984
172 11.50 7.50 0.014984
173 11.50 8.50 0.020580
174 11.50 9.50 0.036705
175 11.50 10.50 0.059869
176 11.50 11.50 0.070750
177 11.50 12.50 0.056206
178 11.50 13.50 0.029401
179 11.50 14.50 0.010066
180 12.50 0.50 0.023574
181 12.50 1.50 0.044960
182 12.50 2.50 0.056206
183 12.50 3.50 0.046624
184 12.50 4.50 0.026891
185 12.50 5.50 0.012858
186 12.50 6.50 0.007698
187 12.50 7.50 0.007698
188 12.50 8.50 0.012858
189 12.50 9.50 0.026891
190 12.50 10.50 0.046624
191 12.50 11.50 0.056206
192 12.50 12.50 0.044960
193 12.50 13.50 0.023574
194 12.50 14.50 0.008073
195 13.50 0.50 0.012371
196 13.50 1.50 0.023574
197 13.50 2.50 0.029401
198 13.50 3.50 0.024219
199 13.50 4.50 0.013657
200 13.50 5.50 0.006095
201 13.50 6.50 0.003267
202 13.50 7.50 0.003267
203 13.50 8.50 0.006095
204 13.50 9.50 0.013657
205 13.50 10.50 0.024219
206 13.50 11.50 0.029401
207 13.50 12.50 0.023574
208 13.50 13.50 0.012371
209 13.50 14.50 0.004236
210 14.50 0.50 0.004236
211 14.50 1.50 0.008073
212 14.50 2.50 0.010066
213 14.50 3.50 0.008286
214 14.50 4.50 0.004662
215 14.50 5.50 0.002066
216 14.50 6.50 0.001094
217 14.50 7.50 0.001094
218 14.50 8.50 0.002066
219 14.50 9.50 0.004662
220 14.50 10.50 0.008286
221 14.50 11.50 0.010066
222 14.50 12.50 0.008073
223 14.50 13.50 0.004236
224 14.50 14.50 0.001451
<<<<<<< HEAD
<<<<<<< HEAD
#Bases: x y NumAmbs
=======
#Bases
>>>>>>> 286f77c... Continuous coordinates
=======
#Bases: x y NumAmbs
>>>>>>> a1261b4... New home for eta and v
0 1.50 13.50 0
1 4.50 13.50 0
2 7.50 13.50 0
3 10.50 13.50 1
4 13.50 13.50 0
5 1.50 10.50 0
6 4.50 10.50 1
7 7.50 10.50 0
8 10.50 10.50 0
9 13.50 10.50 0
10 1.50 7.50 0
11 4.50 7.50 0
12 7.50 7.50 1
13 10.50 7.50 0
14 13.50 7.50 0
15 1.50 4.50 0
16 4.50 4.50 1
17 7.50 4.50 0
18 10.50 4.50 1
19 13.50 4.50 0
20 1.50 1.50 0
21 4.50 1.50 0
22 7.50 1.50 0
23 10.50 1.50 0
24 13.50 1.50 0
