#NumNodes NumBases UnitTravelTime RespThreshold
225 25 2.500000 9.00
#DemandNodes: x y
0 0.50 0.50 0.004714
1 0.50 1.50 0.011118
2 0.50 2.50 0.017127
3 0.50 3.50 0.017316
4 0.50 4.50 0.011686
5 0.50 5.50 0.005646
6 0.50 6.50 0.002535
7 0.50 7.50 0.001778
8 0.50 8.50 0.002535
9 0.50 9.50 0.005646
10 0.50 10.50 0.011686
11 0.50 11.50 0.017316
12 0.50 12.50 0.017127
13 0.50 13.50 0.011118
14 0.50 14.50 0.004714
15 1.50 0.50 0.011118
16 1.50 1.50 0.026225
17 1.50 2.50 0.040427
18 1.50 3.50 0.040954
19 1.50 4.50 0.027812
20 1.50 5.50 0.013717
21 1.50 6.50 0.006500
22 1.50 7.50 0.004760
23 1.50 8.50 0.006500
24 1.50 9.50 0.013717
25 1.50 10.50 0.027812
26 1.50 11.50 0.040954
27 1.50 12.50 0.040427
28 1.50 13.50 0.026225
29 1.50 14.50 0.011118
30 2.50 0.50 0.017127
31 2.50 1.50 0.040427
32 2.50 2.50 0.062473
33 2.50 3.50 0.063728
34 2.50 4.50 0.044208
35 2.50 5.50 0.023318
36 2.50 6.50 0.012848
37 2.50 7.50 0.010413
38 2.50 8.50 0.012848
39 2.50 9.50 0.023318
40 2.50 10.50 0.044208
41 2.50 11.50 0.063728
42 2.50 12.50 0.062473
43 2.50 13.50 0.040427
44 2.50 14.50 0.017127
45 3.50 0.50 0.017316
46 3.50 1.50 0.040954
47 3.50 2.50 0.063728
48 3.50 3.50 0.066283
49 3.50 4.50 0.048648
50 3.50 5.50 0.029907
51 3.50 6.50 0.021197
52 3.50 7.50 0.019448
53 3.50 8.50 0.021197
54 3.50 9.50 0.029907
55 3.50 10.50 0.048648
56 3.50 11.50 0.066283
57 3.50 12.50 0.063728
58 3.50 13.50 0.040954
59 3.50 14.50 0.017316
60 4.50 0.50 0.011686
61 4.50 1.50 0.027812
62 4.50 2.50 0.044208
63 4.50 3.50 0.048648
64 4.50 4.50 0.041183
65 4.50 5.50 0.033559
66 4.50 6.50 0.031643
67 4.50 7.50 0.031968
68 4.50 8.50 0.031643
69 4.50 9.50 0.033559
70 4.50 10.50 0.041183
71 4.50 11.50 0.048648
72 4.50 12.50 0.044208
73 4.50 13.50 0.027812
74 4.50 14.50 0.011686
75 5.50 0.50 0.005646
76 5.50 1.50 0.013717
77 5.50 2.50 0.023318
78 5.50 3.50 0.029907
79 5.50 4.50 0.033559
80 5.50 5.50 0.038098
81 5.50 6.50 0.043657
82 5.50 7.50 0.046277
83 5.50 8.50 0.043657
84 5.50 9.50 0.038098
85 5.50 10.50 0.033559
86 5.50 11.50 0.029907
87 5.50 12.50 0.023318
88 5.50 13.50 0.013717
89 5.50 14.50 0.005646
90 6.50 0.50 0.002535
91 6.50 1.50 0.006500
92 6.50 2.50 0.012848
93 6.50 3.50 0.021197
94 6.50 4.50 0.031643
95 6.50 5.50 0.043657
96 6.50 6.50 0.054019
97 6.50 7.50 0.058184
98 6.50 8.50 0.054019
99 6.50 9.50 0.043657
100 6.50 10.50 0.031643
101 6.50 11.50 0.021197
102 6.50 12.50 0.012848
103 6.50 13.50 0.006500
104 6.50 14.50 0.002535
105 7.50 0.50 0.001778
106 7.50 1.50 0.004760
107 7.50 2.50 0.010413
108 7.50 3.50 0.019448
109 7.50 4.50 0.031968
110 7.50 5.50 0.046277
111 7.50 6.50 0.058184
112 7.50 7.50 0.062867
113 7.50 8.50 0.058184
114 7.50 9.50 0.046277
115 7.50 10.50 0.031968
116 7.50 11.50 0.019448
117 7.50 12.50 0.010413
118 7.50 13.50 0.004760
119 7.50 14.50 0.001778
120 8.50 0.50 0.002535
121 8.50 1.50 0.006500
122 8.50 2.50 0.012848
123 8.50 3.50 0.021197
124 8.50 4.50 0.031643
125 8.50 5.50 0.043657
126 8.50 6.50 0.054019
127 8.50 7.50 0.058184
128 8.50 8.50 0.054019
129 8.50 9.50 0.043657
130 8.50 10.50 0.031643
131 8.50 11.50 0.021197
132 8.50 12.50 0.012848
133 8.50 13.50 0.006500
134 8.50 14.50 0.002535
135 9.50 0.50 0.005646
136 9.50 1.50 0.013717
137 9.50 2.50 0.023318
138 9.50 3.50 0.029907
139 9.50 4.50 0.033559
140 9.50 5.50 0.038098
141 9.50 6.50 0.043657
142 9.50 7.50 0.046277
143 9.50 8.50 0.043657
144 9.50 9.50 0.038098
145 9.50 10.50 0.033559
146 9.50 11.50 0.029907
147 9.50 12.50 0.023318
148 9.50 13.50 0.013717
149 9.50 14.50 0.005646
150 10.50 0.50 0.011686
151 10.50 1.50 0.027812
152 10.50 2.50 0.044208
153 10.50 3.50 0.048648
154 10.50 4.50 0.041183
155 10.50 5.50 0.033559
156 10.50 6.50 0.031643
157 10.50 7.50 0.031968
158 10.50 8.50 0.031643
159 10.50 9.50 0.033559
160 10.50 10.50 0.041183
161 10.50 11.50 0.048648
162 10.50 12.50 0.044208
163 10.50 13.50 0.027812
164 10.50 14.50 0.011686
165 11.50 0.50 0.017316
166 11.50 1.50 0.040954
167 11.50 2.50 0.063728
168 11.50 3.50 0.066283
169 11.50 4.50 0.048648
170 11.50 5.50 0.029907
171 11.50 6.50 0.021197
172 11.50 7.50 0.019448
173 11.50 8.50 0.021197
174 11.50 9.50 0.029907
175 11.50 10.50 0.048648
176 11.50 11.50 0.066283
177 11.50 12.50 0.063728
178 11.50 13.50 0.040954
179 11.50 14.50 0.017316
180 12.50 0.50 0.017127
181 12.50 1.50 0.040427
182 12.50 2.50 0.062473
183 12.50 3.50 0.063728
184 12.50 4.50 0.044208
185 12.50 5.50 0.023318
186 12.50 6.50 0.012848
187 12.50 7.50 0.010413
188 12.50 8.50 0.012848
189 12.50 9.50 0.023318
190 12.50 10.50 0.044208
191 12.50 11.50 0.063728
192 12.50 12.50 0.062473
193 12.50 13.50 0.040427
194 12.50 14.50 0.017127
195 13.50 0.50 0.011118
196 13.50 1.50 0.026225
197 13.50 2.50 0.040427
198 13.50 3.50 0.040954
199 13.50 4.50 0.027812
200 13.50 5.50 0.013717
201 13.50 6.50 0.006500
202 13.50 7.50 0.004760
203 13.50 8.50 0.006500
204 13.50 9.50 0.013717
205 13.50 10.50 0.027812
206 13.50 11.50 0.040954
207 13.50 12.50 0.040427
208 13.50 13.50 0.026225
209 13.50 14.50 0.011118
210 14.50 0.50 0.004714
211 14.50 1.50 0.011118
212 14.50 2.50 0.017127
213 14.50 3.50 0.017316
214 14.50 4.50 0.011686
215 14.50 5.50 0.005646
216 14.50 6.50 0.002535
217 14.50 7.50 0.001778
218 14.50 8.50 0.002535
219 14.50 9.50 0.005646
220 14.50 10.50 0.011686
221 14.50 11.50 0.017316
222 14.50 12.50 0.017127
223 14.50 13.50 0.011118
224 14.50 14.50 0.004714
#Bases: x y NumAmbs
0 4.50 13.50 0
1 10.50 13.50 0
2 3.00 12.00 1
3 12.00 12.00 1
4 1.50 10.50 0
5 4.50 10.50 0
6 7.50 10.50 0
7 10.50 10.50 0
8 13.50 10.50 0
9 6.00 9.00 0
10 9.00 9.00 0
11 4.50 7.50 0
12 7.50 7.50 1
13 10.50 7.50 0
14 6.00 6.00 0
15 9.00 6.00 0
16 1.50 4.50 0
17 4.50 4.50 0
18 7.50 4.50 0
19 10.50 4.50 0
20 13.50 4.50 0
21 3.00 3.00 1
22 12.00 3.00 1
23 4.50 1.50 0
24 10.50 1.50 0
