<<<<<<< HEAD
#NumNodes NumBases UnitTravelTime RespThreshold
225 25 2.500000 9.00
#DemandNodes: x y
=======
#NumNodes NumBases RespThreshold
225 25 5.00
#DemandNodes
>>>>>>> 286f77c... Continuous coordinates
0 0.50 0.50 0.000011
1 0.50 1.50 0.000031
2 0.50 2.50 0.000073
3 0.50 3.50 0.000148
4 0.50 4.50 0.000258
5 0.50 5.50 0.000383
6 0.50 6.50 0.000485
7 0.50 7.50 0.000525
8 0.50 8.50 0.000485
9 0.50 9.50 0.000383
10 0.50 10.50 0.000258
11 0.50 11.50 0.000148
12 0.50 12.50 0.000073
13 0.50 13.50 0.000031
14 0.50 14.50 0.000011
15 1.50 0.50 0.000031
16 1.50 1.50 0.000085
17 1.50 2.50 0.000204
18 1.50 3.50 0.000414
19 1.50 4.50 0.000720
20 1.50 5.50 0.001068
21 1.50 6.50 0.001354
22 1.50 7.50 0.001465
23 1.50 8.50 0.001354
24 1.50 9.50 0.001068
25 1.50 10.50 0.000720
26 1.50 11.50 0.000414
27 1.50 12.50 0.000204
28 1.50 13.50 0.000085
29 1.50 14.50 0.000031
30 2.50 0.50 0.000073
31 2.50 1.50 0.000204
32 2.50 2.50 0.000485
33 2.50 3.50 0.000987
34 2.50 4.50 0.001716
35 2.50 5.50 0.002546
36 2.50 6.50 0.003227
37 2.50 7.50 0.003492
38 2.50 8.50 0.003227
39 2.50 9.50 0.002546
40 2.50 10.50 0.001716
41 2.50 11.50 0.000987
42 2.50 12.50 0.000485
43 2.50 13.50 0.000204
44 2.50 14.50 0.000073
45 3.50 0.50 0.000148
46 3.50 1.50 0.000414
47 3.50 2.50 0.000987
48 3.50 3.50 0.002009
49 3.50 4.50 0.003492
50 3.50 5.50 0.005182
51 3.50 6.50 0.006566
52 3.50 7.50 0.007106
53 3.50 8.50 0.006566
54 3.50 9.50 0.005182
55 3.50 10.50 0.003492
56 3.50 11.50 0.002009
57 3.50 12.50 0.000987
58 3.50 13.50 0.000414
59 3.50 14.50 0.000148
60 4.50 0.50 0.000258
61 4.50 1.50 0.000720
62 4.50 2.50 0.001716
63 4.50 3.50 0.003492
64 4.50 4.50 0.006068
65 4.50 5.50 0.009005
66 4.50 6.50 0.011411
67 4.50 7.50 0.012348
68 4.50 8.50 0.011411
69 4.50 9.50 0.009005
70 4.50 10.50 0.006068
71 4.50 11.50 0.003492
72 4.50 12.50 0.001716
73 4.50 13.50 0.000720
74 4.50 14.50 0.000258
75 5.50 0.50 0.000383
76 5.50 1.50 0.001068
77 5.50 2.50 0.002546
78 5.50 3.50 0.005182
79 5.50 4.50 0.009005
80 5.50 5.50 0.013363
81 5.50 6.50 0.016934
82 5.50 7.50 0.018325
83 5.50 8.50 0.016934
84 5.50 9.50 0.013363
85 5.50 10.50 0.009005
86 5.50 11.50 0.005182
87 5.50 12.50 0.002546
88 5.50 13.50 0.001068
89 5.50 14.50 0.000383
90 6.50 0.50 0.000485
91 6.50 1.50 0.001354
92 6.50 2.50 0.003227
93 6.50 3.50 0.006566
94 6.50 4.50 0.011411
95 6.50 5.50 0.016934
96 6.50 6.50 0.021458
97 6.50 7.50 0.023221
98 6.50 8.50 0.021458
99 6.50 9.50 0.016934
100 6.50 10.50 0.011411
101 6.50 11.50 0.006566
102 6.50 12.50 0.003227
103 6.50 13.50 0.001354
104 6.50 14.50 0.000485
105 7.50 0.50 0.000525
106 7.50 1.50 0.001465
107 7.50 2.50 0.003492
108 7.50 3.50 0.007106
109 7.50 4.50 0.012348
110 7.50 5.50 0.018325
111 7.50 6.50 0.023221
112 7.50 7.50 0.025128
113 7.50 8.50 0.023221
114 7.50 9.50 0.018325
115 7.50 10.50 0.012348
116 7.50 11.50 0.007106
117 7.50 12.50 0.003492
118 7.50 13.50 0.001465
119 7.50 14.50 0.000525
120 8.50 0.50 0.000485
121 8.50 1.50 0.001354
122 8.50 2.50 0.003227
123 8.50 3.50 0.006566
124 8.50 4.50 0.011411
125 8.50 5.50 0.016934
126 8.50 6.50 0.021458
127 8.50 7.50 0.023221
128 8.50 8.50 0.021458
129 8.50 9.50 0.016934
130 8.50 10.50 0.011411
131 8.50 11.50 0.006566
132 8.50 12.50 0.003227
133 8.50 13.50 0.001354
134 8.50 14.50 0.000485
135 9.50 0.50 0.000383
136 9.50 1.50 0.001068
137 9.50 2.50 0.002546
138 9.50 3.50 0.005182
139 9.50 4.50 0.009005
140 9.50 5.50 0.013363
141 9.50 6.50 0.016934
142 9.50 7.50 0.018325
143 9.50 8.50 0.016934
144 9.50 9.50 0.013363
145 9.50 10.50 0.009005
146 9.50 11.50 0.005182
147 9.50 12.50 0.002546
148 9.50 13.50 0.001068
149 9.50 14.50 0.000383
150 10.50 0.50 0.000258
151 10.50 1.50 0.000720
152 10.50 2.50 0.001716
153 10.50 3.50 0.003492
154 10.50 4.50 0.006068
155 10.50 5.50 0.009005
156 10.50 6.50 0.011411
157 10.50 7.50 0.012348
158 10.50 8.50 0.011411
159 10.50 9.50 0.009005
160 10.50 10.50 0.006068
161 10.50 11.50 0.003492
162 10.50 12.50 0.001716
163 10.50 13.50 0.000720
164 10.50 14.50 0.000258
165 11.50 0.50 0.000148
166 11.50 1.50 0.000414
167 11.50 2.50 0.000987
168 11.50 3.50 0.002009
169 11.50 4.50 0.003492
170 11.50 5.50 0.005182
171 11.50 6.50 0.006566
172 11.50 7.50 0.007106
173 11.50 8.50 0.006566
174 11.50 9.50 0.005182
175 11.50 10.50 0.003492
176 11.50 11.50 0.002009
177 11.50 12.50 0.000987
178 11.50 13.50 0.000414
179 11.50 14.50 0.000148
180 12.50 0.50 0.000073
181 12.50 1.50 0.000204
182 12.50 2.50 0.000485
183 12.50 3.50 0.000987
184 12.50 4.50 0.001716
185 12.50 5.50 0.002546
186 12.50 6.50 0.003227
187 12.50 7.50 0.003492
188 12.50 8.50 0.003227
189 12.50 9.50 0.002546
190 12.50 10.50 0.001716
191 12.50 11.50 0.000987
192 12.50 12.50 0.000485
193 12.50 13.50 0.000204
194 12.50 14.50 0.000073
195 13.50 0.50 0.000031
196 13.50 1.50 0.000085
197 13.50 2.50 0.000204
198 13.50 3.50 0.000414
199 13.50 4.50 0.000720
200 13.50 5.50 0.001068
201 13.50 6.50 0.001354
202 13.50 7.50 0.001465
203 13.50 8.50 0.001354
204 13.50 9.50 0.001068
205 13.50 10.50 0.000720
206 13.50 11.50 0.000414
207 13.50 12.50 0.000204
208 13.50 13.50 0.000085
209 13.50 14.50 0.000031
210 14.50 0.50 0.000011
211 14.50 1.50 0.000031
212 14.50 2.50 0.000073
213 14.50 3.50 0.000148
214 14.50 4.50 0.000258
215 14.50 5.50 0.000383
216 14.50 6.50 0.000485
217 14.50 7.50 0.000525
218 14.50 8.50 0.000485
219 14.50 9.50 0.000383
220 14.50 10.50 0.000258
221 14.50 11.50 0.000148
222 14.50 12.50 0.000073
223 14.50 13.50 0.000031
224 14.50 14.50 0.000011
<<<<<<< HEAD
#Bases: x y NumAmbs
=======
#Bases
>>>>>>> 286f77c... Continuous coordinates
0 4.50 10.50 0
1 7.50 10.50 0
2 10.50 10.50 2
3 6.00 9.00 0
4 7.50 9.00 0
5 9.00 9.00 0
6 6.75 8.25 0
7 7.50 8.25 0
8 8.25 8.25 0
9 4.50 7.50 0
10 6.00 7.50 0
11 6.75 7.50 0
12 7.50 7.50 2
13 8.25 7.50 0
14 9.00 7.50 0
15 10.50 7.50 0
16 6.75 6.75 0
17 7.50 6.75 0
18 8.25 6.75 2
19 6.00 6.00 0
20 7.50 6.00 0
21 9.00 6.00 0
22 4.50 4.50 2
23 7.50 4.50 0
24 10.50 4.50 2
