8 3
PerfectInfo PenaltyBd MaxwellBd
0.050 0 
71.282 0.183 0.356
71.282 0.183 0.356
72.126 0.190 0.234
0.060 0 
84.506 0.190 0.418
84.506 0.190 0.418
86.028 0.200 0.281
0.070 0 
97.076 0.197 0.475
97.076 0.197 0.475
99.516 0.210 0.327
0.080 0 
109.336 0.207 0.527
110.585 0.153 0.469
112.898 0.221 0.374
0.090 0 
120.826 0.199 0.571
121.314 0.139 0.494
125.436 0.211 0.418
0.100 0 
131.370 0.194 0.608
131.054 0.134 0.510
137.140 0.209 0.459
0.110 0 
141.526 0.203 0.640
139.907 0.136 0.527
148.440 0.207 0.500
0.120 0 
150.896 0.200 0.666
148.627 0.132 0.545
158.548 0.200 0.537
