1440
0 0.000000
1 0.222022
2 0.236422
3 0.265221
4 -0.518583
5 -0.518583
6 -0.118583
7 -0.504184
8 -0.104184
9 -0.091381
10 -0.076981
11 0.337419
12 -0.048182
13 0.368014
14 -0.417586
15 0.382414
16 -0.417586
17 1.582414
18 0.396813
19 0.395018
20 -0.390583
21 0.409417
22 -0.374387
23 -0.387190
24 -0.403386
25 -0.403386
26 -0.403386
27 0.396614
28 0.000007
29 0.000007
30 -0.401789
31 1.198211
32 0.427011
33 0.052616
34 -0.332984
35 0.067016
36 0.065220
37 0.078023
38 0.076426
39 0.092622
40 -0.305582
41 0.894418
42 1.308817
43 0.539413
44 -0.246188
45 0.097810
46 -0.289387
47 0.110613
48 -0.273191
49 -0.289387
50 0.880018
51 0.496213
52 0.880018
53 1.280018
54 0.112409
55 -0.273191
56 0.126809
57 0.130201
58 0.530201
59 0.143004
60 -0.253603
61 0.115802
62 -0.314595
63 1.685405
64 -0.269600
65 1.314205
66 -0.256996
67 -0.271396
68 0.128604
69 -0.269600
70 0.081814
71 -0.345190
72 -0.359590
73 -0.359590
74 0.040410
75 -0.345190
76 -0.345190
77 -0.345190
78 0.854810
79 0.099805
80 0.896412
81 1.309215
82 -0.289188
83 0.465817
84 -0.321380
85 1.662425
86 0.482013
87 0.067414
88 0.049423
89 0.049423
90 -0.337774
91 0.846030
92 0.460430
93 1.676625
94 -0.296172
95 0.487633
96 -0.297968
97 -0.325170
98 0.074830
99 -0.310771
100 0.089229
101 -0.294575
102 0.074830
103 0.874830
104 2.105425
105 -0.236578
106 -0.236578
107 -0.236578
108 0.534622
109 -0.297769
110 -0.326568
111 1.273432
112 0.104027
113 -0.297769
114 0.102231
115 0.084439
116 -0.312169
117 -0.342764
118 -0.342764
119 0.057236
120 1.270039
121 -0.315561
122 0.070039
123 0.453844
124 -0.331757
125 0.452048
126 -0.333552
127 0.066448
128 0.082643
129 0.873233
130 -0.294376
131 0.091224
132 0.105624
133 -0.296172
134 0.475029
135 -0.310572
136 0.089428
137 0.091224
138 -0.323176
139 1.262425
140 0.478620
141 0.891423
142 0.107618
143 0.922018
144 -0.261786
145 0.538214
146 0.122018
147 -0.279579
148 -0.305185
149 1.294815
150 -0.288989
151 -0.303389
152 2.096611
153 0.143402
154 0.143402
155 0.157802
156 0.130599
157 1.744999
158 -0.213200
159 -0.227600
160 0.172400
161 -0.224207
162 0.143402
163 0.125610
164 1.727206
165 0.154409
166 -0.260190
167 0.127008
168 -0.271197
169 0.116000
170 0.528803
171 -0.272992
172 -0.272992
173 1.327008
174 0.184606
175 0.581214
176 0.183010
177 0.199205
178 -0.200795
179 0.170207
180 0.186402
181 -0.239204
182 0.147994
183 0.149789
184 -0.237408
185 -0.251808
186 0.133793
187 -0.282204
188 -0.282204
189 0.517796
190 -0.282204
191 0.101601
192 -0.330790
193 0.053014
194 0.465817
195 -0.335780
196 0.049821
197 0.051417
198 0.065817
199 -0.334183
200 0.424215
201 0.853014
202 -0.361385
203 0.822419
204 0.451417
205 0.065817
206 0.464021
207 -0.321579
208 -0.335979
209 2.451219
210 -0.316391
211 0.069210
212 0.485405
213 0.083609
214 -0.303588
215 -0.303588
216 -0.303588
217 -0.317987
218 0.082013
219 -0.321380
220 0.078620
221 -0.305185
222 -0.319584
223 -0.335780
224 0.033625
225 0.022618
226 1.221021
227 -0.360988
228 0.010014
229 1.224414
230 1.653213
231 0.465817
232 0.465817
233 0.064021
234 0.480217
235 -0.330790
236 -0.330790
237 0.056407
238 -0.327398
239 -0.327398
240 0.072602
241 -0.329193
242 -0.329193
243 -0.329193
244 0.054611
245 0.470807
246 0.070807
247 0.470807
248 0.485206
249 0.883411
250 0.497810
251 0.510613
252 0.110613
253 -0.323375
254 0.876625
255 1.291025
256 -0.292779
257 -0.292779
258 -0.308975
259 -0.325170
260 0.444234
261 1.657037
262 -0.313964
263 0.841041
264 -0.328364
265 0.071636
266 0.473432
267 1.275029
268 -0.294376
269 0.105624
270 -0.310572
271 1.262226
272 0.105624
273 0.918427
274 -0.249182
275 -0.249182
276 0.550818
277 0.963620
278 -0.237976
279 0.145828
280 0.162024
281 0.160427
282 -0.253973
283 1.329832
284 -0.270168
285 0.497441
286 -0.320551
287 0.863254
288 -0.354538
289 -0.354538
290 -0.354538
291 -0.370734
292 0.814866
293 0.431062
294 -0.338343
295 0.861657
296 0.094048
297 1.695645
298 -0.284767
299 -0.300963
300 -0.331558
301 0.068442
302 0.484638
303 0.899037
304 0.099037
305 0.915233
306 0.131428
307 -0.252376
308 -0.268572
309 -0.281375
310 -0.308577
311 -0.337377
312 -0.353572
313 0.046428
314 -0.353572
315 -0.353572
316 -0.353572
317 -0.369768
318 0.430232
319 -0.355368
320 -0.425968
321 1.543436
322 -0.425968
323 -0.038771
324 -0.425968
325 -0.025968
326 -0.411569
327 0.357836
328 0.375827
329 0.774230
330 -0.395174
331 -0.395174
332 0.004826
333 -0.380775
334 0.406422
335 -0.407977
336 -0.407977
337 -0.407977
338 1.192023
339 0.006422
340 -0.379178
341 2.820822
342 0.080416
343 0.080416
344 0.493219
345 -0.279579
346 -0.279579
347 -0.279579
348 0.120421
349 0.120421
350 0.134821
351 0.536418
352 0.165416
353 0.565416
354 -0.236181
355 0.122018
356 2.122018
357 -0.232987
358 -0.277982
359 0.122018
360 0.536418
361 -0.263582
362 -0.276385
363 -0.276385
364 0.110812
365 -0.290785
366 0.093020
367 0.507419
368 -0.261985
369 0.138015
370 0.123615
371 0.922018
372 -0.261786
373 1.322018
374 0.168809
375 0.550818
376 -0.220184
377 1.363620
378 -0.236380
379 0.149221
380 -0.234584
381 -0.248984
382 0.536617
383 -0.232788
384 -0.248984
385 0.523814
386 0.540009
387 1.754409
388 0.185004
389 -0.213200
390 -0.213200
391 -0.254802
392 0.145198
393 0.943402
394 -0.226003
395 -0.226003
396 -0.255001
397 0.517796
398 0.101800
399 -0.299797
400 -0.312600
401 -0.343195
402 -0.343195
403 2.042405
404 0.100203
405 -0.330392
406 1.669608
407 0.098407
408 1.269608
409 1.685803
410 0.117995
411 0.132395
412 -0.283801
413 0.516199
414 -0.256598
415 0.143402
416 -0.256598
417 0.514404
418 0.512807
419 1.327206
420 -0.231191
421 -0.258394
422 -0.258394
423 0.127206
424 -0.258394
425 0.914404
426 0.114404
427 -0.301593
428 -0.301593
429 0.098407
430 -0.315993
431 -0.341599
432 0.458401
433 0.447394
434 -0.338206
435 0.061794
436 0.832995
437 -0.355799
438 1.244201
439 0.487599
440 0.489196
441 0.903595
442 -0.282005
443 0.917995
444 -0.270799
445 0.129201
446 -0.270799
447 0.129201
448 -0.257996
449 -0.257996
450 -0.274192
451 -0.290387
452 -0.290387
453 -0.320982
454 -0.335382
455 0.464618
456 0.079018
457 -0.347986
458 0.037614
459 -0.374990
460 -0.418388
461 1.165417
462 0.796012
463 0.012009
464 -0.387991
465 -0.004187
466 -0.389787
467 -0.404187
468 0.395813
469 0.012009
470 -0.391384
471 0.408616
472 -0.376984
473 -0.376984
474 0.008616
475 0.023016
476 -0.376984
477 0.006820
478 0.421220
479 0.435620
480 -0.335581
481 -0.335581
482 0.064419
483 0.862822
484 -0.322778
485 0.064419
486 0.462822
487 -0.337178
488 -0.378780
489 -0.409375
490 0.390625
491 -0.411171
492 1.588829
493 0.033824
494 -0.351776
495 0.848224
496 0.446627
497 0.061027
498 0.075426
499 -0.326171
500 -0.340570
501 -0.340570
502 0.430630
503 1.214435
504 1.216032
505 -0.355169
506 -0.371364
507 0.014236
508 -0.371364
509 0.028636
510 0.028636
511 -0.371364
512 -0.387560
513 0.812440
514 0.843035
515 0.843035
516 0.071835
517 1.286235
518 -0.297570
519 0.486235
520 0.070039
521 0.886235
522 -0.299366
523 0.100634
524 0.081046
525 0.097242
526 0.097242
527 -0.288359
528 -0.304554
529 0.895446
530 -0.304554
531 -0.320750
532 2.063055
533 -0.288359
534 -0.301161
535 0.484439
536 -0.329961
537 -0.344361
538 0.041240
539 0.055639
540 0.470039
541 0.095645
542 -0.304355
543 0.863254
544 -0.338542
545 0.047058
546 0.063254
547 -0.354538
548 0.802063
549 -0.383537
550 0.002063
551 0.018259
552 -0.383537
553 -0.397937
554 0.789261
555 -0.397937
556 -0.010739
557 -0.396340
558 -0.396340
559 -0.012535
560 -0.396340
561 -0.410739
562 -0.441335
563 -0.441335
564 -0.441335
565 -0.041335
566 -0.054137
567 -0.452342
568 0.334855
569 -0.452342
570 1.147658
571 -0.421747
572 -0.021747
573 -0.407347
574 1.176458
575 -0.394743
576 0.805257
577 -0.380343
578 0.419657
579 0.035852
580 0.407053
581 -0.378547
582 0.021453
583 -0.364148
584 0.021453
585 0.435852
586 0.450252
587 0.066448
588 -0.331757
589 0.852048
590 -0.318954
591 1.655440
592 -0.326767
593 1.273233
594 1.300435
595 0.102231
596 2.116631
597 0.161626
598 -0.225571
599 0.174429
600 -0.241767
601 0.558233
602 -0.209376
603 0.190624
604 0.578020
605 -0.223577
606 0.176423
607 -0.252575
608 -0.266975
609 -0.308776
610 1.291224
611 -0.290785
612 -0.303588
613 0.467613
614 -0.305185
615 0.494815
616 0.109215
617 -0.274589
618 0.525411
619 1.725411
620 -0.245790
621 -0.292581
622 1.276824
623 -0.294376
624 1.280018
625 -0.290984
626 -0.290984
627 -0.290984
628 0.109016
629 0.105624
630 -0.294376
631 0.078421
632 0.053014
633 0.867414
634 -0.306980
635 -0.306980
636 0.076824
637 -0.306980
638 -0.335780
639 0.864220
640 -0.319584
641 -0.319584
642 0.064220
643 0.080416
644 0.496611
645 -0.290785
646 0.094815
647 -0.303389
648 0.466016
649 0.066016
650 0.466016
651 0.432028
652 0.048224
653 0.864419
654 0.078819
655 0.093219
656 -0.290586
657 -0.319385
658 -0.333785
659 1.253412
660 0.884007
661 -0.315993
662 -0.344991
663 -0.344991
664 0.040609
665 -0.344991
666 0.427806
667 0.056805
668 -0.344792
669 0.455208
670 0.453412
671 -0.330392
672 0.469608
673 0.856805
674 -0.312600
675 -0.312600
676 0.073000
677 -0.312600
678 0.073000
679 -0.330392
680 -0.330392
681 1.269608
682 0.095213
683 0.051815
684 0.068011
685 0.082410
686 -0.330392
687 1.269608
688 -0.299797
689 0.887400
690 -0.315993
691 0.471204
692 -0.312600
693 -0.312600
694 0.460197
695 -0.341400
696 -0.341400
697 0.858600
698 1.285803
699 0.496810
700 0.111210
701 0.109613
702 -0.274192
703 -0.303190
704 1.266215
705 0.078819
706 0.091622
707 -0.308378
708 -0.308378
709 0.475426
710 -0.308577
711 0.464220
712 -0.308577
713 -0.308577
714 0.091423
715 -0.321380
716 -0.321380
717 -0.335780
718 0.464220
719 -0.305185
720 0.078620
721 -0.335979
722 -0.335979
723 0.849622
724 0.062425
725 0.046428
726 0.446428
727 0.048025
728 -0.339172
729 -0.339172
730 0.848025
731 2.064220
732 0.094815
733 1.311011
734 -0.301792
735 -0.301792
736 0.067613
737 -0.335780
738 -0.351975
739 0.048025
740 0.462425
741 -0.337575
742 0.031829
743 -0.353771
744 0.031829
745 0.446229
746 0.878620
747 -0.278181
748 0.921819
749 -0.278181
750 1.709016
751 -0.244193
752 -0.290984
753 0.509016
754 0.109016
755 -0.289188
756 -0.289188
757 -0.303588
758 -0.334183
759 0.051417
760 0.451417
761 0.882013
762 0.112608
763 -0.287392
764 0.112608
765 0.112608
766 0.096412
767 0.894617
768 0.496412
769 -0.290785
770 0.896412
771 -0.258394
772 0.125411
773 0.512807
774 -0.290586
775 -0.290586
776 0.495014
777 0.496611
778 -0.305185
779 -0.305185
780 0.866016
781 -0.304986
782 0.080615
783 -0.319385
784 -0.319385
785 0.080615
786 0.482212
787 -0.317788
788 1.282212
789 2.514602
790 0.129201
791 0.530798
792 -0.270998
793 -0.287193
794 -0.317788
795 0.066016
796 0.078819
797 0.093219
798 -0.304986
799 0.480615
800 -0.335581
801 0.850019
802 0.084007
803 -0.303190
804 0.096810
805 -0.299797
806 -0.315993
807 -0.315993
808 0.084007
809 0.467812
810 -0.315993
811 -0.332188
812 -0.332188
813 1.255009
814 0.885604
815 0.087201
816 -0.311003
817 -0.341599
818 0.458401
819 -0.325403
820 1.260197
821 -0.355799
822 -0.388190
823 0.411810
824 -0.373791
825 0.426209
826 -0.359391
827 -0.373791
828 0.411810
829 0.440609
830 0.055009
831 0.071204
832 0.085604
833 -0.301593
834 0.071204
835 0.071204
836 0.884007
837 -0.317788
838 0.851616
839 -0.343394
840 0.056606
841 0.071005
842 -0.345190
843 -0.359590
844 0.040410
845 1.256606
846 -0.359590
847 -0.359590
848 0.440410
849 0.840410
850 0.440410
851 -0.343394
852 -0.357794
853 0.442206
854 -0.359391
855 -0.359391
856 0.440609
857 0.069409
858 0.483808
859 0.083808
860 -0.314396
861 -0.314396
862 0.072801
863 -0.314396
864 1.669409
865 1.267613
866 -0.290586
867 -0.306781
868 0.093219
869 0.109414
870 -0.276186
871 0.523814
872 -0.303389
873 -0.319584
874 1.280416
875 1.309215
876 0.523814
877 0.539810
878 -0.245790
879 -0.274589
880 -0.274589
881 -0.288989
882 -0.301792
883 -0.301792
884 0.869409
885 -0.314396
886 -0.314396
887 0.042206
888 1.240609
889 0.438813
890 0.055009
891 -0.360988
892 0.839012
893 -0.332188
894 -0.346588
895 1.637217
896 -0.333984
897 0.066016
898 0.067812
899 -0.335581
900 -0.362783
901 0.437217
902 -0.348384
903 0.835421
904 -0.346787
905 1.253213
906 0.483808
907 0.112608
908 -0.274589
909 -0.287392
910 -0.300195
911 0.485405
912 -0.314595
913 -0.327398
914 -0.340201
915 0.446997
916 -0.338604
917 0.461396
918 -0.324204
919 0.075796
920 0.491992
921 0.090395
922 0.072602
923 0.088798
924 -0.298399
925 0.042206
926 -0.343394
927 0.056606
928 0.040410
929 0.026011
930 1.242206
931 0.467812
932 0.082212
933 -0.317788
934 0.867812
935 0.098407
936 0.096611
937 0.494815
938 0.523615
939 -0.276385
940 0.523615
941 -0.277982
942 0.122018
943 2.091423
944 -0.306980
945 1.278620
946 -0.276186
947 -0.276186
948 0.123814
949 -0.259991
950 1.723814
951 0.134821
952 -0.250779
953 2.104226
954 1.347425
955 -0.220184
956 0.179816
957 -0.218587
958 -0.218587
959 0.165217
960 0.950818
961 -0.202392
962 0.567013
963 -0.216792
964 -0.229594
965 -0.256797
966 -0.256797
967 -0.272992
968 -0.287392
969 -0.332586
970 -0.332586
971 -0.345389
972 0.454611
973 -0.343593
974 0.024016
975 -0.404784
976 0.380817
977 0.779021
978 -0.006579
979 -0.420979
980 -0.435379
981 0.748426
982 -0.051574
983 -0.051574
984 0.362826
985 -0.422775
986 -0.422775
987 -0.437174
988 -0.051574
989 -0.437174
990 1.162826
991 0.779021
992 0.393421
993 -0.392180
994 0.793421
995 -0.375984
996 0.424016
997 -0.361584
998 0.838416
999 0.440012
1000 0.454412
1001 -0.331188
1002 -0.331188
1003 0.054412
1004 0.467215
1005 0.081615
1006 0.085007
1007 0.485007
1008 0.496015
1009 0.912210
1010 -0.273191
1011 -0.273191
1012 1.312409
1013 -0.258792
1014 0.514006
1015 -0.257195
1016 -0.257195
1017 -0.257195
1018 0.526610
1019 -0.257195
1020 0.114006
1021 -0.271594
1022 -0.287790
1023 0.112210
1024 0.112210
1025 0.125013
1026 0.496213
1027 0.896213
1028 -0.276783
1029 0.110414
1030 -0.302190
1031 -0.302190
1032 0.067215
1033 0.452815
1034 0.483411
1035 0.899606
1036 0.499606
1037 -0.284198
1038 -0.300394
1039 1.667215
1040 -0.292779
1041 -0.292779
1042 0.476625
1043 0.503828
1044 0.131031
1045 -0.252774
1046 0.547226
1047 0.534622
1048 -0.234783
1049 0.136418
1050 -0.250779
1051 0.534821
1052 -0.248984
1053 -0.248984
1054 0.951016
1055 -0.203989
1056 -0.232788
1057 -0.247188
1058 0.938412
1059 -0.247188
1060 -0.275987
1061 -0.275987
1062 -0.308378
1063 -0.324574
1064 -0.324574
1065 0.075426
1066 0.462623
1067 -0.322977
1068 0.449821
1069 0.478620
1070 0.076824
1071 0.065618
1072 0.036819
1073 0.422419
1074 0.438615
1075 0.436819
1076 -0.364977
1077 0.035023
1078 0.420623
1079 0.435023
1080 -0.352174
1081 1.647826
1082 0.107221
1083 0.920023
1084 -0.263781
1085 -0.263781
1086 -0.263781
1087 -0.279977
1088 0.505624
1089 0.107221
1090 -0.305582
1091 -0.305582
1092 0.094418
1093 0.092622
1094 0.494418
1095 -0.303787
1096 0.496213
1097 0.867215
1098 0.865419
1099 -0.321778
1100 1.278222
1101 0.096015
1102 0.096015
1103 -0.305781
1104 -0.305781
1105 -0.336376
1106 -0.350776
1107 -0.350776
1108 0.822021
1109 1.222021
1110 -0.348980
1111 -0.348980
1112 -0.348980
1113 0.451020
1114 0.883411
1115 1.698009
1116 0.126809
1117 0.541208
1118 -0.242596
1119 -0.242596
1120 -0.255399
1121 -0.255399
1122 0.902999
1123 0.515802
1124 -0.269799
1125 0.930201
1126 0.504794
1127 -0.297001
1128 0.486803
1129 0.485206
1130 -0.313197
1131 2.072403
1132 0.102999
1133 -0.284198
1134 0.488599
1135 0.114205
1136 1.328604
1137 -0.242596
1138 0.144601
1139 -0.273191
1140 1.312409
1141 0.525212
1142 0.112608
1143 0.528803
1144 -0.258394
1145 0.541606
1146 1.354409
1147 0.954608
1148 -0.229197
1149 -0.229197
1150 0.570803
1151 -0.230992
1152 0.569008
1153 0.183407
1154 0.983407
1155 0.167212
1156 0.552613
1157 0.568809
1158 0.583208
1159 0.197608
1160 0.170605
1161 -0.216593
1162 -0.216593
1163 -0.232788
1164 -0.232788
1165 1.351016
1166 0.194415
1167 0.178219
1168 0.134821
1169 -0.265179
1170 0.134821
1171 0.136617
1172 -0.247188
1173 0.488030
1174 0.104226
1175 0.518625
1176 0.520421
1177 0.104425
1178 0.504425
1179 -0.293978
1180 -0.310174
1181 -0.310174
1182 0.089826
1183 -0.324574
1184 -0.324574
1185 0.075426
1186 -0.324574
1187 0.061027
1188 0.875426
1189 -0.308378
1190 -0.308378
1191 0.077222
1192 0.077222
1193 -0.308378
1194 2.061027
1195 0.489826
1196 0.471835
1197 0.857435
1198 -0.326369
1199 0.044831
1200 -0.371165
1201 1.214435
1202 0.441637
1203 0.041637
1204 -0.356766
1205 -0.356766
1206 -0.356766
1207 0.027039
1208 0.041439
1209 0.455838
1210 0.072034
1211 0.086433
1212 -0.315163
1213 -0.315163
1214 0.468641
1215 -0.316959
1216 0.483041
1217 0.913636
1218 -0.286364
1219 0.084837
1220 -0.316959
1221 0.068641
1222 -0.315163
1223 1.657634
1224 0.857833
1225 0.074028
1226 -0.311572
1227 -0.311572
1228 0.088428
1229 0.872233
1230 1.302828
1231 1.347823
1232 -0.207182
1233 -0.235982
1234 -0.235982
1235 -0.235982
1236 -0.235982
1237 -0.250382
1238 0.949618
1239 0.935219
1240 -0.217991
1241 -0.248586
1242 0.106419
1243 -0.279181
1244 -0.279181
1245 -0.295376
1246 0.504624
1247 -0.324176
1248 0.061424
1249 0.859629
1250 0.504624
1251 -0.309776
1252 -0.342167
1253 -0.342167
1254 0.457833
1255 -0.325972
1256 -0.338775
1257 0.430630
1258 0.441637
1259 -0.358363
1260 -0.358363
1261 0.041637
1262 0.811042
1263 0.409445
1264 -0.401562
1265 0.798438
1266 0.429033
1267 0.430829
1268 0.429033
1269 -0.356567
1270 0.043433
1271 -0.340371
1272 1.659629
1273 0.057833
1274 -0.325972
1275 -0.338775
1276 0.030630
1277 -0.354970
1278 1.645030
1279 0.075625
1280 0.075625
1281 0.473829
1282 0.088229
1283 -0.297371
1284 -0.297371
1285 -0.329762
1286 0.470238
1287 -0.331558
1288 0.455639
1289 -0.342565
1290 -0.358760
1291 -0.358760
1292 -0.358760
1293 0.041240
1294 0.839643
1295 1.266845
1296 -0.333155
1297 -0.362153
1298 -0.362153
1299 -0.391151
1300 -0.391151
1301 0.008849
1302 -0.003755
1303 0.798040
1304 -0.387560
1305 0.012440
1306 -0.373160
1307 0.026840
1308 0.428636
1309 1.228636
1310 0.830232
1311 0.815833
1312 0.446428
1313 0.059231
1314 -0.340769
1315 1.259231
1316 0.059231
1317 0.855838
1318 0.084638
1319 -0.311970
1320 -0.311970
1321 0.471835
1322 0.488030
1323 -0.297570
1324 -0.311970
1325 0.473631
1326 0.089826
1327 -0.293978
1328 -0.310174
1329 -0.322977
1330 0.077023
1331 0.491423
1332 -0.290586
1333 0.095014
1334 -0.292183
1335 0.075426
1336 -0.322977
1337 -0.339172
1338 -0.369768
1339 -0.398567
1340 0.401433
1341 -0.382570
1342 0.417430
1343 1.233625
1344 -0.395174
1345 0.388630
1346 0.804826
1347 0.033625
1348 0.048025
1349 0.464220
1350 0.480416
1351 0.109215
1352 -0.277982
1353 -0.277982
1354 -0.308577
1355 0.877023
1356 -0.306781
1357 -0.337377
1358 0.462623
1359 -0.333984
1360 0.466016
1361 -0.319584
1362 0.080416
1363 -0.305185
1364 -0.305185
1365 -0.305185
1366 0.478620
1367 -0.335780
1368 0.064220
1369 -0.333984
1370 -0.333984
1371 0.835421
1372 0.448224
1373 -0.335780
1374 0.464220
1375 0.848025
1376 -0.364778
1377 -0.379178
1378 -0.409773
1379 0.375827
1380 -0.409773
1381 1.190227
1382 -0.380974
1383 0.019026
1384 -0.366574
1385 -0.366574
1386 -0.392180
1387 -0.022775
1388 0.390028
1389 -0.411768
1390 0.788232
1391 -0.379377
1392 -0.393776
1393 0.406224
1394 -0.391981
1395 -0.406380
1396 0.393620
1397 -0.393578
1398 0.806422
1399 -0.377382
1400 0.822618
1401 0.838813
1402 -0.346787
1403 0.053213
1404 1.255009
1405 -0.316192
1406 0.855009
1407 1.296611
1408 -0.270998
1409 0.129002
1410 0.114602
1411 -0.283801
1412 0.116199
1413 0.132395
1414 -0.253205
1415 -0.266008
1416 -0.266008
1417 0.133992
1418 -0.296604
1419 0.058401
1420 0.072801
1421 -0.328995
1422 0.071005
1423 0.474398
1424 0.072801
1425 0.888997
1426 -0.296604
1427 0.103396
1428 0.074398
1429 -0.343593
1430 -0.343593
1431 0.425812
1432 0.042007
1433 0.456407
1434 -0.345190
1435 0.042007
1436 -0.341797
1437 -0.341797
1438 0.458203
1439 -0.311202
1440 0.088798
