1440
0 0.000000
1 -0.606182
2 0.208467
3 -0.071027
4 0.251084
5 1.297298
6 -0.306579
7 -0.466012
8 -0.167894
9 -0.009409
10 0.073010
11 -0.386517
12 -0.173135
13 -0.375529
14 -0.257217
15 0.477130
16 -0.299590
17 -0.287046
18 -0.171095
19 -0.286170
20 -0.087061
21 0.062239
22 -0.013407
23 0.153654
24 -0.430996
25 -0.567055
26 -0.166178
27 0.228682
28 0.249722
29 -0.029857
30 -0.208642
31 0.198346
32 0.229430
33 0.591312
34 -0.221999
35 0.046197
36 -0.643379
37 0.853554
38 0.427617
39 1.224784
40 -0.071999
41 0.735365
42 0.213728
43 0.317590
44 0.689564
45 0.320446
46 -0.587536
47 0.308250
48 -0.030092
49 -0.008118
50 -0.395740
51 0.009770
52 0.015315
53 0.020502
54 -0.012600
55 0.077160
56 0.279735
57 0.006910
58 -0.017735
59 1.273247
60 0.553543
61 0.035874
62 0.063648
63 -0.147370
64 0.142219
65 0.046911
66 -0.049343
67 -0.101907
68 0.055456
69 -0.066310
70 0.254010
71 0.471048
72 -0.488151
73 0.371520
74 -0.028921
75 0.034848
76 0.413774
77 0.249825
78 0.167326
79 -0.454285
80 -0.006367
81 -0.347213
82 0.131287
83 0.584907
84 0.251293
85 0.013656
86 -0.381094
87 0.077630
88 0.127309
89 0.083996
90 0.043834
91 0.666923
92 0.008835
93 -0.329425
94 0.273000
95 -0.049662
96 0.193140
97 0.497682
98 0.575497
99 0.370328
100 0.029797
101 0.865609
102 0.355721
103 0.168001
104 0.165712
105 0.995306
106 -0.009203
107 0.576521
108 0.132359
109 0.059552
110 0.253881
111 -0.306980
112 0.444510
113 0.103846
114 0.537477
115 -0.152835
116 0.191219
117 -0.030337
118 0.184233
119 -0.218372
120 -0.014651
121 0.123017
122 -0.086580
123 0.344359
124 -0.030436
125 -0.029112
126 0.053171
127 0.132140
128 0.286972
129 0.939541
130 0.561039
131 0.090777
132 0.000805
133 0.016756
134 -0.455496
135 0.295161
136 0.060662
137 0.058119
138 0.027943
139 0.143293
140 0.272221
141 0.472055
142 0.630911
143 0.161477
144 0.036055
145 0.561372
146 0.363210
147 -0.104222
148 0.017969
149 0.218593
150 -0.024063
151 0.235011
152 -0.099741
153 0.009036
154 0.001330
155 0.061467
156 0.036172
157 0.005079
158 0.180385
159 0.008340
160 0.138408
161 0.041240
162 0.087898
163 0.017986
164 -0.127344
165 0.432015
166 0.269583
167 0.239287
168 0.176205
169 0.528816
170 0.476703
171 0.006060
172 -0.821946
173 0.026747
174 0.630361
175 0.108990
176 0.396230
177 0.147849
178 0.026387
179 0.929594
180 -0.266310
181 0.461563
182 0.021069
183 0.196863
184 0.153497
185 0.007953
186 0.142098
187 0.124814
188 0.113882
189 0.063095
190 -0.328713
191 0.829426
192 -0.318410
193 0.353516
194 0.442953
195 0.026153
196 -0.045558
197 0.297605
198 -0.025228
199 0.024213
200 0.321907
201 0.054176
202 0.370531
203 0.297777
204 -0.027249
205 0.191884
206 0.004191
207 0.026635
208 0.037344
209 0.045814
210 -0.049286
211 0.483472
212 0.075513
213 0.314830
214 -0.001033
215 0.235615
216 0.059482
217 0.031262
218 -0.011111
219 -0.153881
220 -0.131656
221 0.018637
222 0.237933
223 -0.042806
224 0.298756
225 -0.035707
226 -0.225051
227 0.361932
228 -0.049587
229 0.461515
230 0.488438
231 0.345913
232 -0.339132
233 0.331184
234 0.301017
235 -0.111681
236 0.167509
237 -0.129843
238 0.327594
239 0.728008
240 0.400239
241 0.033910
242 -0.382304
243 0.502395
244 0.951244
245 -0.344553
246 -0.024404
247 0.228147
248 0.326141
249 0.247865
250 0.569998
251 0.355695
252 0.218470
253 0.535721
254 0.125322
255 0.074607
256 0.435177
257 0.425721
258 0.146250
259 0.155375
260 0.473586
261 0.085040
262 0.079501
263 0.477483
264 -0.237828
265 -0.047128
266 -0.100805
267 0.091157
268 0.246989
269 0.065086
270 0.983142
271 0.280418
272 -0.055337
273 0.282776
274 -0.179151
275 0.464175
276 0.156156
277 0.460274
278 -0.046176
279 0.767593
280 0.235981
281 0.491182
282 0.007451
283 0.019439
284 -0.451024
285 0.213580
286 0.798914
287 -0.031240
288 0.323909
289 0.018752
290 0.191621
291 0.129341
292 -0.699863
293 0.010288
294 0.061415
295 0.385802
296 0.380801
297 -0.233782
298 0.216160
299 0.369798
300 0.448392
301 0.062328
302 0.030771
303 0.350414
304 0.550651
305 0.334748
306 -0.292233
307 0.335416
308 0.215916
309 -0.172911
310 -0.219972
311 0.580328
312 0.410292
313 0.436756
314 0.438180
315 -0.017177
316 0.079234
317 0.414865
318 -0.477966
319 -0.288865
320 0.007671
321 0.439925
322 -0.576663
323 0.164449
324 0.117357
325 0.297888
326 0.460669
327 0.227985
328 -0.165122
329 0.007373
330 -0.791732
331 0.007239
332 0.137912
333 0.010159
334 -0.504821
335 -1.208995
336 0.050143
337 0.096236
338 -0.033529
339 0.382858
340 0.028137
341 0.209220
342 0.007306
343 0.026755
344 -0.012236
345 0.000672
346 0.608306
347 -0.038473
348 -0.279072
349 0.748974
350 0.109760
351 0.113072
352 -0.360254
353 0.008041
354 0.768249
355 0.220907
356 0.292130
357 0.968117
358 -0.351867
359 0.079273
360 0.042505
361 0.158293
362 -0.113943
363 0.181540
364 0.312860
365 0.746217
366 0.068355
367 0.399421
368 -0.473605
369 0.052720
370 0.131661
371 -0.107112
372 -0.031145
373 0.003555
374 0.132622
375 0.595568
376 -0.004610
377 0.394295
378 0.022982
379 0.327718
380 -0.476347
381 0.310432
382 0.399953
383 0.024071
384 0.212815
385 0.075993
386 -0.041359
387 0.371535
388 0.194438
389 0.043902
390 -0.013092
391 0.022840
392 -0.019467
393 0.616598
394 0.584329
395 0.166884
396 -0.004498
397 0.680236
398 -0.230003
399 0.181377
400 -0.000911
401 0.077384
402 0.031835
403 0.431977
404 -0.041810
405 -0.296975
406 0.000326
407 0.164406
408 0.588144
409 -0.002081
410 0.293830
411 0.044581
412 0.341949
413 0.320358
414 -0.041533
415 0.173199
416 0.093793
417 0.283929
418 1.210178
419 0.011356
420 0.098107
421 0.081887
422 -0.087047
423 -0.019055
424 0.694779
425 0.013958
426 0.261901
427 0.134468
428 -0.574382
429 0.147700
430 0.324620
431 0.490059
432 0.002406
433 -0.082806
434 0.309525
435 0.312219
436 0.190153
437 0.134710
438 -0.105187
439 0.021008
440 -0.026872
441 0.181432
442 0.073494
443 -0.486062
444 0.246821
445 -0.132198
446 0.015196
447 0.198656
448 0.345999
449 0.087149
450 1.028106
451 0.807157
452 0.176785
453 0.019922
454 0.101511
455 0.373330
456 0.331191
457 0.056304
458 0.490714
459 -0.358674
460 0.671812
461 0.389036
462 -0.362970
463 0.512495
464 0.227253
465 0.238881
466 0.246752
467 0.271199
468 0.050657
469 0.288879
470 0.153972
471 0.790353
472 0.006638
473 0.143895
474 0.600965
475 -0.809454
476 -0.014128
477 0.057930
478 0.353206
479 0.396094
480 -0.398606
481 0.130740
482 -0.365106
483 0.036357
484 0.435639
485 0.313813
486 0.035527
487 0.058777
488 -0.050585
489 0.480774
490 0.824377
491 -0.004808
492 0.221587
493 0.047243
494 0.580244
495 -0.002359
496 0.346930
497 0.567566
498 0.206802
499 0.003841
500 0.490759
501 0.060138
502 0.949005
503 0.016154
504 0.092090
505 0.265334
506 0.305246
507 0.022103
508 -0.029314
509 -0.153619
510 0.400395
511 0.180947
512 0.216547
513 0.043694
514 -0.414269
515 -0.009511
516 -0.282712
517 0.025110
518 0.235848
519 0.047085
520 -0.142535
521 0.010059
522 -0.339859
523 0.185630
524 0.122730
525 -0.067506
526 0.209721
527 0.330282
528 0.334106
529 -0.064096
530 0.050036
531 -0.212903
532 -0.132966
533 0.316839
534 0.158276
535 0.088427
536 0.187083
537 0.818287
538 0.091517
539 -0.265952
540 0.001456
541 0.022752
542 0.728829
543 0.317736
544 0.003461
545 -0.005237
546 -0.542763
547 1.066698
548 0.017278
549 0.698664
550 0.348544
551 0.181650
552 0.026949
553 0.581949
554 0.071112
555 0.005299
556 1.033122
557 0.770062
558 -0.048531
559 0.048468
560 0.167316
561 0.234816
562 0.616130
563 0.395560
564 0.029154
565 0.663217
566 1.038740
567 0.024205
568 0.148275
569 -0.046523
570 0.243758
571 0.286770
572 0.009938
573 0.081126
574 -0.140838
575 0.020237
576 0.010507
577 -0.044683
578 0.044538
579 1.001781
580 0.183141
581 0.038121
582 0.061876
583 0.055546
584 -0.290257
585 -0.064824
586 0.150508
587 0.543707
588 0.145551
589 0.247179
590 0.040430
591 0.412586
592 0.080962
593 0.509912
594 0.431767
595 0.182898
596 -0.011197
597 0.088024
598 0.492836
599 0.448554
600 0.088587
601 0.334096
602 0.995809
603 0.625212
604 0.291723
605 0.361743
606 0.495165
607 -0.157193
608 0.017587
609 0.239375
610 -0.053329
611 0.541610
612 0.912327
613 0.319868
614 -0.098226
615 0.101380
616 0.279416
617 0.898564
618 0.362448
619 0.353729
620 -0.225831
621 0.057969
622 0.204849
623 -0.045007
624 0.118514
625 0.481643
626 0.604823
627 0.446317
628 0.211129
629 0.353354
630 0.061054
631 -0.318736
632 -0.202971
633 -0.095094
634 0.301719
635 0.405356
636 0.313645
637 0.262736
638 0.271781
639 -0.154844
640 0.128446
641 0.373327
642 -0.666949
643 0.505971
644 0.575604
645 0.007116
646 -0.119959
647 0.272712
648 0.601644
649 0.283850
650 0.150424
651 0.216105
652 0.091399
653 0.467662
654 -0.429861
655 0.043881
656 0.050212
657 0.370795
658 -0.560733
659 0.326742
660 1.044602
661 0.658113
662 0.143226
663 0.510489
664 -0.359288
665 0.898793
666 0.343683
667 -0.038862
668 -0.001605
669 0.111790
670 0.324872
671 0.089003
672 0.458666
673 -0.022982
674 -0.331612
675 0.197647
676 -0.195248
677 0.084985
678 0.812710
679 -0.012404
680 0.055276
681 -0.254429
682 0.377480
683 -0.267150
684 0.003194
685 -0.395657
686 0.389594
687 0.109370
688 0.346044
689 -0.054374
690 0.124657
691 -0.228970
692 0.740313
693 0.578063
694 0.684690
695 0.805351
696 0.218457
697 0.311608
698 0.131143
699 0.020191
700 0.194173
701 0.298568
702 0.250857
703 -0.441658
704 0.182170
705 0.534806
706 0.710774
707 0.064997
708 0.062592
709 -0.395333
710 -0.107321
711 0.628547
712 0.021822
713 0.423628
714 -0.486250
715 0.079784
716 0.921738
717 -0.007320
718 -0.010856
719 -0.176966
720 0.334129
721 0.078177
722 0.335732
723 -0.017608
724 -1.131920
725 0.111207
726 0.021088
727 -0.418997
728 0.118817
729 0.086815
730 0.191053
731 0.012258
732 -0.108874
733 0.094658
734 0.338369
735 -0.035974
736 0.179601
737 -0.578344
738 0.131577
739 0.334440
740 0.091988
741 0.739554
742 0.369742
743 0.002484
744 -0.229778
745 0.098470
746 0.170701
747 -0.219874
748 0.390441
749 0.720046
750 0.273890
751 0.100585
752 0.223347
753 0.347531
754 -0.009126
755 -0.318226
756 0.598743
757 -0.071854
758 -0.007918
759 0.414755
760 0.086784
761 0.056135
762 0.290240
763 0.809785
764 0.418468
765 0.013143
766 0.100188
767 -0.468281
768 0.456950
769 -0.165952
770 0.106955
771 0.013611
772 0.094225
773 0.035205
774 0.195661
775 -0.030991
776 -0.032903
777 0.020053
778 0.056059
779 -0.192758
780 0.155045
781 0.027520
782 -0.063395
783 0.547528
784 -0.577675
785 0.135149
786 0.205920
787 0.010745
788 0.332194
789 0.344060
790 0.168500
791 -0.034146
792 0.034379
793 0.020326
794 0.373472
795 0.695248
796 -0.071191
797 0.120991
798 0.094273
799 0.048616
800 0.924053
801 0.671248
802 -0.108561
803 0.637442
804 0.016417
805 1.041293
806 -0.182689
807 0.360101
808 -0.020155
809 0.005292
810 0.737231
811 0.268474
812 0.169548
813 0.697206
814 -0.074846
815 0.281501
816 0.520582
817 0.114143
818 0.170299
819 -0.029588
820 0.046465
821 0.679073
822 0.379209
823 0.569573
824 0.307244
825 0.365243
826 -0.116832
827 0.402674
828 -0.245839
829 -0.019256
830 -0.046756
831 0.094413
832 0.198473
833 0.072004
834 -0.013747
835 0.059260
836 -0.766462
837 0.436159
838 -0.499211
839 0.140884
840 0.838284
841 0.174701
842 0.135312
843 0.061556
844 0.216282
845 0.081703
846 -0.013165
847 0.380746
848 0.344504
849 0.309597
850 -0.164948
851 0.613657
852 0.057321
853 0.257459
854 0.027385
855 0.144679
856 0.047911
857 0.278276
858 0.156444
859 0.057196
860 0.004426
861 0.442807
862 -0.074831
863 0.178795
864 0.008136
865 0.631516
866 0.205526
867 0.353256
868 0.015312
869 -0.283757
870 0.045921
871 0.003954
872 0.618386
873 -0.001100
874 -0.258462
875 0.295583
876 0.103901
877 0.265137
878 1.105633
879 -0.168496
880 -0.033376
881 0.046897
882 0.551734
883 0.793308
884 0.023437
885 -0.228730
886 0.846113
887 0.528095
888 0.041529
889 0.453878
890 0.026555
891 -0.145763
892 0.502640
893 -0.078676
894 -0.044837
895 0.389813
896 0.689830
897 -0.025268
898 0.019353
899 -0.475754
900 0.162369
901 0.236979
902 -0.215077
903 0.845918
904 -0.006764
905 0.320140
906 0.325938
907 0.272539
908 0.037531
909 -0.245466
910 0.231750
911 0.109606
912 0.464631
913 0.334832
914 0.553482
915 -0.058162
916 0.396633
917 0.083107
918 0.157646
919 0.482489
920 0.296508
921 0.523322
922 0.052889
923 0.446669
924 0.117587
925 0.101993
926 -0.125963
927 0.084113
928 0.307625
929 -0.048819
930 0.462306
931 0.119105
932 0.069983
933 -0.029451
934 0.116861
935 0.517774
936 0.572504
937 0.270734
938 0.028361
939 0.024908
940 0.092172
941 0.331843
942 -0.061771
943 0.029013
944 -0.164007
945 1.009582
946 0.069881
947 -0.170424
948 0.505494
949 0.433307
950 -0.064343
951 0.174542
952 0.473696
953 0.379344
954 0.556041
955 0.242024
956 0.046891
957 0.352346
958 -0.052339
959 0.127035
960 0.124996
961 0.127171
962 -0.501691
963 0.868091
964 -0.014816
965 0.385071
966 -0.040522
967 0.374198
968 0.016329
969 0.077167
970 -0.496821
971 0.085092
972 0.288554
973 0.038829
974 -0.118764
975 0.247561
976 0.342999
977 0.699080
978 0.513621
979 -0.272856
980 0.422511
981 0.511686
982 0.100953
983 0.007209
984 0.062572
985 0.782014
986 0.153368
987 0.002251
988 0.406610
989 0.379205
990 0.048877
991 0.415720
992 0.311091
993 -0.007966
994 0.287638
995 0.707940
996 0.119040
997 -0.263434
998 -0.169027
999 0.091806
1000 0.436558
1001 0.359421
1002 0.501091
1003 0.242327
1004 -0.312205
1005 0.905942
1006 0.301454
1007 0.112011
1008 0.126366
1009 0.245640
1010 0.482403
1011 0.328684
1012 0.550015
1013 0.633309
1014 0.431700
1015 0.461000
1016 0.426815
1017 0.629614
1018 0.076053
1019 0.485216
1020 0.625776
1021 -0.051081
1022 0.040362
1023 0.337917
1024 0.252765
1025 0.346241
1026 -0.389772
1027 0.364292
1028 0.305248
1029 0.296836
1030 0.481198
1031 0.021299
1032 -0.087283
1033 0.224824
1034 0.045984
1035 0.567513
1036 -0.010739
1037 0.025635
1038 0.355294
1039 -0.043840
1040 0.173015
1041 -0.372722
1042 0.044349
1043 -0.235843
1044 0.168771
1045 -0.081065
1046 0.242572
1047 0.245665
1048 0.679023
1049 0.110387
1050 -0.284033
1051 0.622994
1052 0.271552
1053 0.732348
1054 0.051417
1055 0.402595
1056 -0.021234
1057 -0.064739
1058 0.241413
1059 0.523857
1060 0.048285
1061 -0.250372
1062 0.659252
1063 -0.026201
1064 -0.269863
1065 0.201731
1066 0.062848
1067 -0.459016
1068 0.676578
1069 0.187290
1070 -0.203053
1071 0.012030
1072 0.272602
1073 0.501625
1074 -0.046713
1075 -0.012454
1076 0.181858
1077 -0.063746
1078 0.046149
1079 0.600546
1080 1.007596
1081 0.215849
1082 -0.299268
1083 -1.199025
1084 0.266044
1085 0.268557
1086 0.228487
1087 0.544391
1088 0.447748
1089 0.110343
1090 0.398323
1091 0.051101
1092 0.046062
1093 -0.101519
1094 -0.164000
1095 -0.028431
1096 0.323788
1097 0.449199
1098 0.286542
1099 0.175434
1100 -0.399104
1101 0.771259
1102 0.506362
1103 -0.198742
1104 0.448059
1105 0.224258
1106 0.557446
1107 -0.195754
1108 0.027395
1109 0.203814
1110 -0.016600
1111 0.189501
1112 -0.222867
1113 0.409445
1114 0.341430
1115 0.471126
1116 0.274910
1117 0.042964
1118 0.762171
1119 -0.000194
1120 0.435057
1121 0.765723
1122 0.642198
1123 -0.264296
1124 0.382231
1125 -0.039738
1126 0.098537
1127 1.032043
1128 0.654524
1129 -0.179421
1130 0.046717
1131 0.060374
1132 0.043958
1133 0.426138
1134 -0.024055
1135 -0.045241
1136 -0.089119
1137 -0.012528
1138 0.243242
1139 0.098014
1140 0.164962
1141 -0.182533
1142 -0.080015
1143 0.020780
1144 0.036446
1145 -0.034342
1146 -0.094249
1147 0.335035
1148 -0.158857
1149 -0.121392
1150 -0.009972
1151 0.210828
1152 0.006386
1153 -0.012796
1154 0.487785
1155 0.200285
1156 0.257541
1157 0.718377
1158 0.000804
1159 0.024429
1160 0.786378
1161 0.623871
1162 0.295065
1163 0.084746
1164 0.031644
1165 0.214053
1166 0.364052
1167 0.420033
1168 -0.098602
1169 -0.382839
1170 0.038215
1171 0.212137
1172 0.377795
1173 0.193294
1174 0.705770
1175 0.713722
1176 0.215159
1177 0.056317
1178 0.575349
1179 -0.343466
1180 0.044022
1181 0.743023
1182 0.016158
1183 0.063688
1184 -0.835680
1185 0.462446
1186 0.388959
1187 0.100769
1188 0.011030
1189 0.083045
1190 0.103865
1191 0.189659
1192 0.541820
1193 0.129974
1194 0.561187
1195 -0.065501
1196 0.812518
1197 0.036127
1198 -0.149102
1199 0.508352
1200 0.338038
1201 0.451786
1202 0.446738
1203 -0.041361
1204 0.030016
1205 -0.066126
1206 0.106672
1207 -0.028127
1208 0.827961
1209 0.364487
1210 0.098271
1211 0.071932
1212 0.038601
1213 0.041721
1214 0.026481
1215 0.464996
1216 0.005758
1217 0.245831
1218 0.087064
1219 -0.176327
1220 0.421198
1221 0.051434
1222 0.048657
1223 0.595408
1224 -0.025945
1225 0.202550
1226 0.206605
1227 0.545368
1228 0.093978
1229 0.087735
1230 0.322474
1231 0.068844
1232 0.272072
1233 0.018450
1234 0.281332
1235 0.355376
1236 -0.202789
1237 0.124556
1238 1.021416
1239 0.455838
1240 0.261257
1241 0.007757
1242 -0.052772
1243 0.101662
1244 -0.022420
1245 0.050040
1246 0.056396
1247 -0.002729
1248 -0.705085
1249 0.399562
1250 -0.295690
1251 0.336324
1252 -0.060539
1253 0.511118
1254 0.139653
1255 0.031310
1256 -0.098605
1257 0.296755
1258 -0.269700
1259 0.506113
1260 0.654845
1261 -0.216924
1262 0.159863
1263 0.524482
1264 0.116069
1265 0.212001
1266 0.262414
1267 -0.028200
1268 0.560381
1269 0.371091
1270 0.142457
1271 0.284662
1272 0.740211
1273 -0.274769
1274 -0.018014
1275 -0.090838
1276 -0.238800
1277 -0.017225
1278 0.261647
1279 0.388110
1280 0.331953
1281 0.265635
1282 -0.005466
1283 0.064109
1284 0.073709
1285 0.386147
1286 -0.000298
1287 0.045678
1288 0.436186
1289 0.413923
1290 0.060301
1291 0.497238
1292 0.056112
1293 0.260719
1294 0.023986
1295 -0.034719
1296 0.173113
1297 0.010778
1298 0.399034
1299 0.472557
1300 -0.255994
1301 -0.132385
1302 -0.243827
1303 0.384732
1304 0.519756
1305 -0.316358
1306 0.449618
1307 0.010360
1308 0.225343
1309 0.377434
1310 0.064998
1311 -0.317527
1312 0.072117
1313 0.046056
1314 0.664462
1315 0.061118
1316 0.040596
1317 0.200040
1318 0.421204
1319 0.315008
1320 0.676547
1321 0.401402
1322 0.428545
1323 0.456573
1324 0.281767
1325 0.143022
1326 0.283042
1327 0.749591
1328 0.571132
1329 0.006976
1330 -0.021317
1331 0.391848
1332 0.330962
1333 0.034447
1334 -0.403426
1335 0.358065
1336 0.051088
1337 0.663971
1338 0.823214
1339 0.630867
1340 0.271249
1341 -0.052237
1342 0.231879
1343 0.658678
1344 0.121625
1345 0.116422
1346 0.004058
1347 0.338080
1348 0.689061
1349 0.097836
1350 -0.105719
1351 -0.028249
1352 -0.016192
1353 -0.097799
1354 0.024832
1355 0.047515
1356 0.075327
1357 0.468341
1358 0.048399
1359 0.682649
1360 -0.001540
1361 0.289802
1362 0.031892
1363 0.098271
1364 0.280995
1365 -0.738908
1366 -0.021619
1367 0.258176
1368 -0.182243
1369 0.485616
1370 1.003567
1371 0.317910
1372 0.260886
1373 -0.027610
1374 0.185057
1375 0.317809
1376 0.716532
1377 0.418695
1378 0.312802
1379 0.752160
1380 0.029259
1381 0.391197
1382 0.248170
1383 0.866613
1384 0.354903
1385 0.146425
1386 0.553849
1387 0.128709
1388 0.012366
1389 0.533256
1390 -0.061249
1391 0.472433
1392 0.042327
1393 -0.082508
1394 0.511112
1395 -0.071022
1396 0.430149
1397 -0.287714
1398 0.050539
1399 0.061419
1400 1.186599
1401 -0.070295
1402 0.486189
1403 0.079450
1404 0.033927
1405 0.314319
1406 -0.562944
1407 0.187472
1408 0.059217
1409 -0.036296
1410 0.041774
1411 0.346162
1412 0.087596
1413 -0.001642
1414 0.183321
1415 -0.169473
1416 0.097648
1417 0.081881
1418 -0.453298
1419 0.059893
1420 0.403511
1421 -0.053100
1422 0.919377
1423 -0.017980
1424 0.202781
1425 0.021903
1426 0.015756
1427 0.312497
1428 0.515488
1429 -0.049317
1430 0.078105
1431 0.367072
1432 -0.175039
1433 0.464551
1434 0.014128
1435 0.075299
1436 -0.012850
1437 -0.130743
1438 0.040003
1439 0.184693
1440 0.037093
