1440
0 0.000000
1 -0.641950
2 0.002470
3 -0.305129
4 0.429482
5 0.551895
6 1.240613
7 -0.177334
8 0.003325
9 -0.029558
10 -0.265730
11 0.114704
12 -0.170491
13 0.028061
14 -0.095437
15 0.502337
16 -0.125841
17 0.004492
18 -0.044435
19 -0.175308
20 0.206017
21 -0.052739
22 0.000732
23 0.321528
24 -0.202739
25 -0.173765
26 -0.156004
27 0.012730
28 0.097856
29 0.131233
30 -0.169581
31 0.148508
32 0.020493
33 0.125968
34 -0.302416
35 0.134919
36 -0.418394
37 0.449851
38 0.564713
39 0.138523
40 0.066414
41 0.465496
42 0.146958
43 0.430293
44 0.089286
45 0.177907
46 -0.255230
47 0.195580
48 0.269212
49 0.445043
50 0.031203
51 -0.016138
52 0.016258
53 0.212017
54 0.018741
55 0.028495
56 0.139920
57 0.105194
58 0.199940
59 0.605040
60 0.234223
61 0.038195
62 0.108278
63 0.039632
64 0.070546
65 0.180576
66 0.103523
67 0.174887
68 0.119338
69 -0.014484
70 -0.168218
71 0.133428
72 -0.015172
73 0.472430
74 0.115597
75 0.044668
76 0.185561
77 0.328022
78 0.089401
79 -0.037507
80 0.291948
81 -0.018128
82 0.014509
83 0.381904
84 0.276376
85 -0.017618
86 0.068437
87 0.025333
88 0.419537
89 0.301078
90 0.011601
91 0.239173
92 0.031936
93 0.056803
94 0.106703
95 0.062615
96 0.273010
97 0.261817
98 0.350325
99 0.187555
100 0.084118
101 0.434619
102 0.002239
103 0.070655
104 0.050845
105 0.330508
106 0.086932
107 0.171450
108 0.316624
109 0.021806
110 0.090066
111 0.253696
112 0.018538
113 0.029798
114 0.245867
115 -0.003568
116 0.001058
117 0.146064
118 0.188972
119 0.145610
120 0.012315
121 0.030795
122 0.016163
123 0.116552
124 0.109592
125 0.007895
126 0.013617
127 0.200189
128 0.436474
129 0.678469
130 0.228986
131 0.027101
132 0.061144
133 0.024506
134 0.035066
135 0.148505
136 0.084321
137 0.038984
138 0.162849
139 0.106858
140 0.057913
141 0.226218
142 0.367843
143 0.219898
144 0.060563
145 0.630662
146 0.579867
147 0.035852
148 -0.099319
149 0.092403
150 -0.031913
151 0.167006
152 -0.032354
153 0.021660
154 -0.030800
155 0.144635
156 0.017987
157 0.035061
158 0.040941
159 -0.002324
160 0.015104
161 0.169728
162 0.473088
163 0.025555
164 -0.012531
165 0.440088
166 0.064474
167 0.309459
168 0.060496
169 0.817588
170 0.695840
171 -0.039766
172 -0.022616
173 -0.034544
174 0.260588
175 0.088810
176 0.017883
177 0.142701
178 -0.032186
179 0.247026
180 -0.010062
181 0.411730
182 0.032696
183 0.123113
184 0.063956
185 0.124841
186 0.100944
187 0.141582
188 0.024837
189 0.184095
190 -0.406706
191 0.358189
192 0.004006
193 0.148814
194 0.019837
195 0.046744
196 0.103991
197 0.154262
198 0.099907
199 0.024803
200 0.070841
201 0.290085
202 0.306003
203 0.055117
204 0.015910
205 0.238289
206 -0.051070
207 0.153825
208 0.080348
209 0.014232
210 0.159400
211 0.364022
212 0.373473
213 0.363138
214 0.040049
215 0.201086
216 0.491447
217 0.129290
218 0.030137
219 0.089869
220 -0.022300
221 0.145083
222 0.073434
223 0.006622
224 0.060231
225 -0.132442
226 -0.080513
227 0.125004
228 -0.039157
229 0.207822
230 0.050005
231 0.317248
232 -0.009022
233 0.387116
234 0.308738
235 0.015417
236 0.054601
237 -0.074417
238 0.298207
239 0.275199
240 0.285492
241 0.102070
242 -0.030590
243 0.012815
244 0.639218
245 0.055443
246 0.049080
247 0.359144
248 0.407414
249 0.330939
250 0.342229
251 0.014345
252 0.013110
253 0.331418
254 0.225526
255 0.032462
256 0.048020
257 0.195815
258 0.152608
259 0.149773
260 0.278404
261 0.070004
262 0.042728
263 0.109418
264 0.134753
265 -0.005914
266 0.122676
267 0.007157
268 -0.001211
269 0.044672
270 0.383042
271 0.354464
272 0.003366
273 0.335818
274 -0.062184
275 0.355026
276 -0.029781
277 0.049948
278 -0.072408
279 0.304353
280 0.232810
281 0.266531
282 0.013087
283 0.027846
284 0.167469
285 0.263570
286 0.353478
287 0.073990
288 0.025030
289 0.356901
290 0.098270
291 0.163750
292 0.035506
293 0.263158
294 0.040478
295 0.486492
296 0.330482
297 0.308130
298 0.309753
299 0.287983
300 0.216661
301 0.291900
302 0.230756
303 0.454173
304 0.514495
305 0.261272
306 0.029003
307 0.424194
308 0.052531
309 0.002122
310 0.021813
311 0.322484
312 0.090935
313 0.126298
314 0.408801
315 0.141348
316 0.025474
317 0.236468
318 -0.106098
319 -0.022565
320 0.003665
321 0.118569
322 0.012751
323 0.058471
324 -0.005014
325 0.048837
326 0.346320
327 0.012782
328 0.001373
329 0.167244
330 0.026893
331 0.462312
332 0.096952
333 -0.091808
334 0.081044
335 -0.391226
336 0.301578
337 0.079181
338 0.019515
339 0.076590
340 0.005452
341 0.000729
342 0.115345
343 0.028814
344 0.339781
345 0.048860
346 0.063531
347 -0.091709
348 0.032786
349 0.479091
350 0.043464
351 0.349410
352 0.040264
353 0.309768
354 0.206494
355 0.194120
356 0.030016
357 0.513128
358 0.062218
359 0.018911
360 0.101968
361 0.147006
362 0.274472
363 0.027022
364 0.161946
365 0.634728
366 0.236491
367 0.242643
368 -0.044922
369 0.062828
370 0.202942
371 -0.123069
372 0.063233
373 0.069744
374 0.028847
375 0.092285
376 0.016387
377 0.142784
378 0.025111
379 0.164191
380 0.174137
381 -0.031617
382 0.196266
383 0.227463
384 0.116639
385 -0.020350
386 0.045803
387 0.256279
388 0.036046
389 0.182090
390 0.292852
391 0.037439
392 0.012036
393 0.159881
394 0.282378
395 0.181930
396 0.067774
397 0.165673
398 0.034596
399 -0.016471
400 0.032019
401 0.014200
402 0.032921
403 0.283101
404 -0.018135
405 -0.038335
406 -0.000257
407 0.109760
408 0.607722
409 0.334651
410 0.334699
411 0.474465
412 0.011275
413 0.403671
414 -0.009374
415 0.215128
416 0.158378
417 0.300776
418 1.016892
419 0.142732
420 0.504646
421 0.439568
422 -0.032757
423 -0.005792
424 0.532846
425 0.208826
426 0.240608
427 0.049352
428 0.010222
429 0.040456
430 0.171018
431 0.193469
432 0.053888
433 0.109825
434 0.373217
435 0.224958
436 0.175246
437 0.070683
438 0.025638
439 0.075308
440 0.017451
441 0.084721
442 0.071959
443 0.059712
444 0.360297
445 0.019480
446 0.024082
447 0.484160
448 0.229619
449 -0.187323
450 0.454260
451 0.534180
452 0.239936
453 0.001358
454 0.118708
455 0.184511
456 0.174701
457 0.013867
458 0.131135
459 0.272796
460 0.347872
461 0.282158
462 0.226090
463 0.181189
464 0.072323
465 0.212743
466 0.275369
467 0.030629
468 0.045389
469 0.210960
470 0.132823
471 0.207994
472 0.057167
473 0.054641
474 0.440404
475 -0.130967
476 0.050309
477 0.042360
478 0.330593
479 0.181472
480 0.028900
481 0.061000
482 -0.023309
483 0.258209
484 0.488792
485 0.307517
486 0.302369
487 0.180560
488 0.145480
489 0.329288
490 0.330130
491 0.016306
492 0.063830
493 0.064621
494 0.521394
495 0.041261
496 0.188263
497 0.666341
498 0.143567
499 0.274941
500 0.140358
501 0.042175
502 0.209277
503 0.110196
504 0.229626
505 0.169274
506 0.516197
507 0.096466
508 0.012627
509 -0.041616
510 0.238836
511 0.097440
512 0.480298
513 0.071310
514 0.124783
515 0.200593
516 0.030008
517 0.024419
518 0.169767
519 0.443810
520 0.002595
521 0.131769
522 -0.023379
523 0.101705
524 0.045572
525 0.054866
526 0.229305
527 0.091655
528 0.238191
529 -0.012319
530 0.037460
531 -0.095380
532 0.047523
533 0.622448
534 0.255586
535 0.027662
536 0.389390
537 0.336731
538 0.017790
539 -0.001021
540 0.016356
541 -0.285374
542 0.214015
543 0.135649
544 0.064575
545 0.126699
546 -0.178505
547 0.678502
548 0.039470
549 0.343604
550 0.180234
551 0.319630
552 0.052349
553 0.457291
554 0.196692
555 0.035883
556 0.610536
557 0.045951
558 0.116086
559 0.051031
560 0.505500
561 0.015101
562 0.236976
563 0.069682
564 0.148140
565 0.587490
566 0.537908
567 0.103971
568 0.167429
569 0.014985
570 0.118733
571 0.007709
572 0.024849
573 0.066888
574 0.024895
575 0.042465
576 0.081738
577 0.295135
578 -0.122794
579 0.514621
580 0.021517
581 0.299155
582 0.089214
583 0.255509
584 -0.007437
585 -0.033938
586 -0.007219
587 0.429043
588 0.179616
589 0.362623
590 0.047985
591 0.432161
592 0.275603
593 0.321707
594 0.408177
595 0.068028
596 0.095860
597 0.032242
598 0.203377
599 0.307216
600 0.473157
601 0.499547
602 0.792308
603 0.229160
604 0.509307
605 0.285846
606 0.289598
607 0.059616
608 0.011788
609 0.274787
610 0.158639
611 0.026216
612 0.209065
613 0.261930
614 0.282646
615 0.331104
616 0.466296
617 0.477697
618 0.086558
619 0.409739
620 -0.005713
621 0.482972
622 0.242471
623 0.085375
624 0.044755
625 0.292770
626 0.156236
627 0.335152
628 -0.046731
629 0.060401
630 0.375271
631 0.133249
632 0.313633
633 -0.019690
634 0.211696
635 0.198388
636 0.352023
637 0.335887
638 -0.015609
639 0.050386
640 0.158713
641 0.432266
642 0.005058
643 0.108461
644 0.303058
645 0.051600
646 0.165416
647 0.227608
648 0.305036
649 0.058638
650 0.008049
651 0.554208
652 0.229492
653 0.126405
654 -0.092407
655 0.036297
656 0.142390
657 0.183318
658 -0.213636
659 0.063034
660 0.468967
661 0.325490
662 0.178784
663 0.289603
664 -0.141514
665 0.470432
666 0.049517
667 0.531357
668 0.037171
669 0.040280
670 0.501078
671 0.324226
672 0.221661
673 0.025494
674 -0.040291
675 0.166318
676 0.044030
677 0.095614
678 0.674007
679 0.009153
680 0.066618
681 0.360426
682 0.253108
683 0.029021
684 0.183360
685 -0.027795
686 0.517806
687 0.191185
688 0.393785
689 -0.004724
690 0.143731
691 0.006745
692 0.512635
693 0.473287
694 0.573347
695 0.473911
696 0.412059
697 0.412900
698 0.213744
699 0.367628
700 0.330402
701 0.368963
702 0.197509
703 -0.017593
704 -0.026625
705 0.183454
706 0.382687
707 -0.038232
708 0.021341
709 -0.067844
710 -0.068877
711 0.274173
712 0.230923
713 0.376103
714 -0.074943
715 0.193418
716 0.520297
717 0.094539
718 0.029104
719 0.099433
720 0.341417
721 0.206872
722 0.152961
723 -0.018742
724 0.019742
725 0.163348
726 0.276464
727 -0.236688
728 0.233366
729 0.103896
730 0.081794
731 0.054722
732 -0.015721
733 0.036154
734 0.265491
735 0.034312
736 0.488840
737 0.003798
738 0.170811
739 0.370029
740 0.228759
741 0.246900
742 0.502487
743 0.158951
744 0.684134
745 -0.011663
746 0.214214
747 0.050015
748 0.193391
749 0.247957
750 0.500244
751 0.027893
752 0.275849
753 0.433677
754 0.040523
755 -0.152636
756 0.089641
757 0.020444
758 0.165400
759 0.443149
760 0.089513
761 0.186935
762 0.187690
763 0.203724
764 0.240629
765 0.022229
766 0.139464
767 -0.016447
768 0.119370
769 0.010287
770 -0.013705
771 -0.017928
772 0.365645
773 0.436835
774 0.254683
775 -0.016851
776 0.036957
777 0.018884
778 0.198825
779 0.025289
780 0.149551
781 0.187465
782 -0.138378
783 0.310458
784 0.045773
785 0.102106
786 0.162740
787 0.019296
788 0.447244
789 0.260394
790 -0.033897
791 0.021014
792 0.162863
793 0.165683
794 0.395582
795 0.009927
796 0.024728
797 0.041032
798 0.059581
799 0.253837
800 0.372126
801 0.328386
802 0.015588
803 0.158547
804 0.069760
805 0.382138
806 -0.039110
807 0.073077
808 0.052798
809 0.020662
810 0.201863
811 0.442387
812 0.137884
813 0.422245
814 0.035793
815 0.172143
816 0.040334
817 0.056552
818 0.069908
819 0.132293
820 0.080904
821 0.347283
822 0.005649
823 0.346750
824 0.136254
825 0.242015
826 0.172596
827 0.250742
828 0.015044
829 0.096596
830 0.059144
831 0.089692
832 0.136862
833 0.092737
834 0.016945
835 0.214800
836 -0.182717
837 0.127557
838 0.102726
839 0.160969
840 0.467739
841 0.191244
842 0.163790
843 0.016149
844 0.032451
845 0.042457
846 -0.212256
847 0.260300
848 0.217593
849 -0.028946
850 0.226410
851 0.054088
852 0.145302
853 0.104521
854 0.191086
855 -0.004642
856 0.432587
857 0.061386
858 0.242624
859 0.004587
860 0.135114
861 0.439188
862 0.044111
863 0.272041
864 0.038650
865 0.305962
866 0.354514
867 0.208174
868 0.297777
869 -0.139863
870 0.019628
871 0.042494
872 0.429735
873 0.033415
874 -0.067978
875 0.135166
876 0.047632
877 0.184914
878 0.602042
879 0.196452
880 -0.092448
881 0.235308
882 0.223450
883 0.519330
884 0.432317
885 -0.004224
886 0.332252
887 0.328475
888 0.012983
889 0.060077
890 0.122607
891 0.016646
892 0.418371
893 0.222663
894 -0.027378
895 0.008984
896 0.309321
897 -0.022312
898 0.115857
899 -0.015272
900 0.022272
901 0.274290
902 -0.184402
903 0.329092
904 0.294095
905 0.208109
906 0.100138
907 0.274359
908 0.212216
909 0.129596
910 0.279204
911 0.186347
912 0.212481
913 0.627581
914 0.479033
915 0.020609
916 0.173539
917 0.438907
918 0.289575
919 0.102392
920 0.251040
921 0.524086
922 0.095344
923 0.252636
924 0.193600
925 0.243775
926 0.221880
927 0.318442
928 0.412899
929 0.168950
930 0.292838
931 -0.056419
932 0.048384
933 -0.009831
934 0.076221
935 0.125626
936 0.408517
937 0.188513
938 0.180809
939 0.048697
940 0.043528
941 0.290351
942 0.177142
943 0.165505
944 0.068026
945 0.739906
946 0.229875
947 -0.086479
948 0.265473
949 0.244417
950 0.179898
951 0.084421
952 0.206898
953 0.336016
954 0.347100
955 0.176519
956 0.194317
957 0.285247
958 0.323180
959 0.239492
960 0.151864
961 0.162260
962 0.019163
963 0.496811
964 -0.006040
965 0.161812
966 0.199149
967 0.402272
968 0.136335
969 -0.022701
970 -0.029433
971 0.185820
972 0.124930
973 0.126450
974 -0.111078
975 0.081821
976 0.016920
977 0.075426
978 0.161645
979 -0.023691
980 0.218841
981 0.294011
982 0.168272
983 0.081067
984 0.160045
985 0.363009
986 0.019468
987 0.069801
988 0.189023
989 0.334886
990 0.216484
991 0.281748
992 0.152382
993 0.220481
994 0.446358
995 0.362962
996 0.204350
997 -0.220453
998 0.044828
999 0.124629
1000 0.271430
1001 0.198462
1002 0.221881
1003 0.524156
1004 0.071578
1005 0.240305
1006 0.568636
1007 0.128001
1008 0.011330
1009 0.016741
1010 0.217287
1011 0.232916
1012 0.184594
1013 0.367134
1014 0.286302
1015 0.305589
1016 0.082398
1017 0.103801
1018 0.207695
1019 0.092154
1020 0.306324
1021 0.032188
1022 0.019800
1023 0.038206
1024 0.343083
1025 -0.002706
1026 0.042114
1027 0.243320
1028 0.133271
1029 0.035195
1030 0.049402
1031 0.144317
1032 0.004088
1033 0.172476
1034 0.120764
1035 0.318020
1036 0.031838
1037 0.070937
1038 0.075077
1039 0.022986
1040 0.300764
1041 0.007712
1042 0.049686
1043 0.110832
1044 0.119575
1045 0.011610
1046 0.000950
1047 0.155891
1048 0.174469
1049 0.094225
1050 0.024526
1051 0.381032
1052 0.123201
1053 0.292439
1054 0.134549
1055 0.240152
1056 -0.141324
1057 -0.000907
1058 0.265905
1059 0.336710
1060 0.259565
1061 -0.024355
1062 0.207152
1063 0.010172
1064 0.047311
1065 0.051208
1066 0.078895
1067 0.258149
1068 0.193090
1069 0.174443
1070 0.091062
1071 0.061460
1072 0.208183
1073 0.065002
1074 0.051627
1075 0.002096
1076 0.179920
1077 0.014699
1078 -0.065137
1079 0.407151
1080 0.507550
1081 0.027522
1082 0.024039
1083 -0.101287
1084 0.058482
1085 0.307437
1086 0.061338
1087 0.105114
1088 0.293408
1089 -0.039449
1090 0.465233
1091 0.045519
1092 0.032751
1093 0.162133
1094 -0.015013
1095 0.009036
1096 0.104862
1097 0.127237
1098 0.179658
1099 0.064188
1100 0.003932
1101 0.438082
1102 0.052674
1103 0.150642
1104 0.433538
1105 0.151543
1106 0.201343
1107 0.047388
1108 0.013497
1109 0.134842
1110 0.065838
1111 0.021367
1112 0.029731
1113 0.143633
1114 0.222322
1115 0.359964
1116 0.207575
1117 0.122645
1118 0.153191
1119 0.009253
1120 -0.019059
1121 0.433212
1122 0.510133
1123 -0.229644
1124 0.013720
1125 0.028254
1126 0.067482
1127 0.660863
1128 0.115349
1129 0.020695
1130 0.332725
1131 0.188866
1132 0.012049
1133 0.050226
1134 0.270878
1135 0.132522
1136 0.034205
1137 0.029935
1138 0.219665
1139 0.061771
1140 0.120921
1141 0.031383
1142 0.102403
1143 0.028973
1144 0.127016
1145 -0.003306
1146 0.181049
1147 0.328520
1148 0.133567
1149 -0.025337
1150 0.373069
1151 0.367779
1152 0.019176
1153 0.247836
1154 0.351364
1155 -0.009859
1156 0.278518
1157 0.473788
1158 0.188592
1159 0.028154
1160 0.314191
1161 0.385163
1162 0.203767
1163 0.096253
1164 0.084219
1165 0.157108
1166 0.348752
1167 0.175476
1168 0.008469
1169 -0.030872
1170 0.192139
1171 0.032824
1172 0.064174
1173 0.289588
1174 0.312884
1175 0.103833
1176 0.106292
1177 0.203198
1178 0.354524
1179 0.030116
1180 0.086739
1181 0.219741
1182 0.153405
1183 0.140465
1184 -0.342003
1185 0.292201
1186 0.226390
1187 0.072334
1188 0.050167
1189 0.174556
1190 -0.028658
1191 0.157884
1192 0.104088
1193 0.357070
1194 0.091569
1195 -0.018592
1196 0.345132
1197 0.084762
1198 -0.032616
1199 0.020004
1200 0.043687
1201 0.390596
1202 0.264286
1203 0.052048
1204 0.581879
1205 0.011047
1206 0.230972
1207 0.315719
1208 0.297045
1209 0.192021
1210 0.261434
1211 0.219871
1212 0.052361
1213 0.011136
1214 0.415911
1215 0.291959
1216 0.392660
1217 0.197375
1218 0.177144
1219 0.027820
1220 0.240881
1221 0.124869
1222 0.123788
1223 0.263478
1224 0.390026
1225 0.237284
1226 0.140577
1227 0.286952
1228 0.093909
1229 0.070451
1230 0.042915
1231 0.043921
1232 0.345891
1233 0.059480
1234 0.178609
1235 0.176666
1236 -0.037307
1237 0.133933
1238 0.498467
1239 0.281067
1240 0.026361
1241 0.000605
1242 0.001401
1243 0.025953
1244 0.280910
1245 0.032006
1246 0.138331
1247 0.026608
1248 -0.438338
1249 0.032361
1250 0.196334
1251 0.279046
1252 0.220451
1253 0.203812
1254 0.090580
1255 0.020963
1256 0.016766
1257 0.509144
1258 -0.033965
1259 0.411093
1260 0.402354
1261 0.058294
1262 0.028424
1263 0.229238
1264 0.101828
1265 0.221742
1266 0.188196
1267 0.111558
1268 0.226523
1269 0.145368
1270 0.162762
1271 0.021406
1272 0.399654
1273 -0.033741
1274 0.156886
1275 0.081275
1276 0.223869
1277 -0.036645
1278 0.066113
1279 0.292915
1280 0.103007
1281 0.349663
1282 0.194195
1283 0.045150
1284 0.013416
1285 0.494930
1286 0.031345
1287 0.273912
1288 0.298549
1289 0.260785
1290 0.035970
1291 0.243782
1292 0.181583
1293 -0.021342
1294 0.205356
1295 0.120254
1296 0.054784
1297 0.175382
1298 0.232570
1299 0.246259
1300 0.003072
1301 -0.012493
1302 0.023604
1303 0.048888
1304 0.217158
1305 -0.191494
1306 0.447113
1307 0.024444
1308 0.052658
1309 0.082914
1310 0.176117
1311 0.084846
1312 0.055126
1313 0.148952
1314 0.354056
1315 0.015991
1316 0.004758
1317 0.009836
1318 0.056480
1319 0.071427
1320 0.202840
1321 0.161130
1322 0.149524
1323 0.052835
1324 0.014874
1325 0.102787
1326 0.164796
1327 0.479830
1328 0.511245
1329 0.160359
1330 -0.105895
1331 0.244420
1332 0.281206
1333 0.304086
1334 0.085463
1335 0.069820
1336 0.043037
1337 0.283306
1338 0.624056
1339 0.269346
1340 0.249491
1341 0.033077
1342 0.085911
1343 0.351201
1344 0.002133
1345 0.271866
1346 0.027312
1347 0.280723
1348 0.245222
1349 0.026817
1350 -0.130587
1351 0.017822
1352 0.031150
1353 0.066711
1354 0.424118
1355 0.069720
1356 0.037708
1357 0.316762
1358 -0.000586
1359 0.274533
1360 0.035672
1361 0.474020
1362 0.021503
1363 0.274535
1364 0.069356
1365 -0.016138
1366 -0.002849
1367 0.061630
1368 0.087184
1369 0.066614
1370 0.727016
1371 0.332060
1372 0.265945
1373 0.199705
1374 0.045538
1375 0.101203
1376 0.226963
1377 0.340801
1378 0.354274
1379 0.513269
1380 0.002767
1381 0.409688
1382 0.018007
1383 0.270337
1384 0.178941
1385 0.230548
1386 0.266814
1387 0.130849
1388 0.094098
1389 0.251074
1390 0.006690
1391 0.696621
1392 0.325753
1393 0.014314
1394 0.451879
1395 -0.018352
1396 0.069186
1397 0.008997
1398 0.092080
1399 0.049499
1400 0.510860
1401 -0.095052
1402 0.102416
1403 0.029557
1404 0.082824
1405 0.068583
1406 -0.036479
1407 0.074732
1408 0.094851
1409 0.244685
1410 0.259577
1411 0.330917
1412 0.107563
1413 0.070413
1414 0.052147
1415 0.014695
1416 0.432451
1417 0.314031
1418 -0.011023
1419 -0.030888
1420 0.329511
1421 0.063453
1422 0.289183
1423 0.054793
1424 0.174977
1425 -0.019492
1426 0.034921
1427 0.063051
1428 0.171096
1429 0.047484
1430 0.028039
1431 0.353258
1432 0.034323
1433 0.052678
1434 0.027474
1435 0.014487
1436 0.050347
1437 0.049551
1438 0.108825
1439 0.000451
1440 0.056716
