53 6
0.0000 0.0000 0.0000 0.0000 0.0000 0.0000
0.0000 0.0000 0.0000 0.0000 0.0000 0.0000
0.0000 0.0000 0.0000 0.0000 0.0000 0.0000
0.0000 0.0000 0.0000 0.0000 0.0000 0.0000
0.0000 0.0000 0.0000 0.0000 0.0000 0.0000
0.0000 0.0000 0.0000 0.0000 0.0000 0.0000
0.0000 0.0000 0.0000 0.0000 0.0000 0.0000
0.0000 0.0000 0.0000 0.0000 0.0000 0.0000
0.0000 0.0000 0.0000 0.0000 0.0000 0.0000
0.0000 0.0000 0.0000 0.0000 0.0000 0.0000
0.0000 0.0000 0.0000 0.0000 0.0000 0.0000
0.0000 0.0000 0.0000 0.0000 0.0000 0.0000
0.0010 0.0010 0.0015 0.0020 0.0025 0.0030
0.0020 0.0020 0.0030 0.0040 0.0050 0.0060
0.0066 0.0066 0.0101 0.0136 0.0171 0.0206
0.0113 0.0113 0.0173 0.0232 0.0292 0.0352
0.0223 0.0223 0.0346 0.0470 0.0593 0.0716
0.0333 0.0333 0.0520 0.0707 0.0894 0.1081
0.0656 0.0656 0.0940 0.1225 0.1510 0.1794
0.0979 0.0979 0.1361 0.1737 0.2175 0.2507
0.1421 0.1421 0.1904 0.2423 0.2942 0.3275
0.1863 0.1863 0.2508 0.3109 0.3709 0.4042
0.2405 0.2405 0.3164 0.3821 0.4479 0.4811
0.2947 0.2947 0.3820 0.4534 0.5248 0.5580
0.3669 0.3669 0.4565 0.5291 0.6017 0.6350
0.4380 0.4380 0.5301 0.6034 0.6767 0.7089
0.5138 0.5138 0.6059 0.6787 0.7516 0.7829
0.5859 0.5859 0.6778 0.7482 0.8186 0.8452
0.6581 0.6581 0.7497 0.8176 0.8855 0.9075
0.7241 0.7241 0.8139 0.8766 0.9370 0.9479
0.7900 0.7900 0.8781 0.9394 0.9884 0.9904
0.8346 0.8346 0.9087 0.9624 0.9940 0.9951
0.8792 0.8792 0.9369 0.9855 0.9998 1.0000
0.9119 0.9119 0.9559 0.9912 0.9999 1.0000
0.9447 0.9447 0.9808 0.9970 1.0000 1.0000
0.9674 0.9674 0.9895 0.9982 1.0000 1.0000
0.9901 0.9901 0.9982 0.9995 1.0000 1.0000
0.9949 0.9949 0.9991 0.9998 1.0000 1.0000
0.9996 0.9996 1.0000 1.0000 1.0000 1.0000
0.9998 0.9998 1.0000 1.0000 1.0000 1.0000
1.0000 1.0000 1.0000 1.0000 1.0000 1.0000
1.0000 1.0000 1.0000 1.0000 1.0000 1.0000
1.0000 1.0000 1.0000 1.0000 1.0000 1.0000
1.0000 1.0000 1.0000 1.0000 1.0000 1.0000
1.0000 1.0000 1.0000 1.0000 1.0000 1.0000
1.0000 1.0000 1.0000 1.0000 1.0000 1.0000
1.0000 1.0000 1.0000 1.0000 1.0000 1.0000
1.0000 1.0000 1.0000 1.0000 1.0000 1.0000
1.0000 1.0000 1.0000 1.0000 1.0000 1.0000
1.0000 1.0000 1.0000 1.0000 1.0000 1.0000
1.0000 1.0000 1.0000 1.0000 1.0000 1.0000
1.0000 1.0000 1.0000 1.0000 1.0000 1.0000
1.0000 1.0000 1.0000 1.0000 1.0000 1.0000
