53 9
0.0000 0.0000 0.0000 0.0000 0.0000 0.0000 0.0000 0.0000 0.0000
0.0000 0.0000 0.0000 0.0000 0.0000 0.0000 0.0000 0.0000 0.0000
0.0000 0.0000 0.0000 0.0000 0.0000 0.0000 0.0000 0.0000 0.0000
0.0000 0.0000 0.0000 0.0000 0.0000 0.0000 0.0000 0.0000 0.0000
0.0000 0.0000 0.0000 0.0000 0.0000 0.0000 0.0000 0.0000 0.0000
0.0000 0.0000 0.0000 0.0000 0.0000 0.0000 0.0000 0.0000 0.0000
0.0000 0.0000 0.0000 0.0000 0.0000 0.0000 0.0000 0.0000 0.0000
0.0000 0.0000 0.0000 0.0000 0.0000 0.0000 0.0000 0.0000 0.0000
0.0000 0.0000 0.0000 0.0000 0.0000 0.0000 0.0000 0.0000 0.0000
0.0000 0.0000 0.0000 0.0000 0.0000 0.0000 0.0000 0.0000 0.0000
0.0000 0.0000 0.0000 0.0000 0.0000 0.0000 0.0000 0.0000 0.0000
0.0000 0.0000 0.0000 0.0000 0.0000 0.0000 0.0000 0.0000 0.0000
0.0010 0.0010 0.0015 0.0020 0.0025 0.0030 0.0032 0.0035 0.0038
0.0020 0.0020 0.0030 0.0040 0.0050 0.0060 0.0065 0.0070 0.0075
0.0066 0.0066 0.0101 0.0136 0.0171 0.0206 0.0224 0.0242 0.0260
0.0113 0.0113 0.0173 0.0232 0.0292 0.0352 0.0383 0.0414 0.0444
0.0223 0.0223 0.0346 0.0470 0.0593 0.0716 0.0778 0.0840 0.0902
0.0333 0.0333 0.0520 0.0707 0.0894 0.1081 0.1174 0.1267 0.1361
0.0656 0.0656 0.0940 0.1225 0.1510 0.1794 0.1897 0.2000 0.2102
0.0979 0.0979 0.1361 0.1737 0.2175 0.2507 0.2619 0.2732 0.2844
0.1421 0.1421 0.1904 0.2423 0.2942 0.3275 0.3387 0.3500 0.3613
0.1863 0.1863 0.2508 0.3109 0.3709 0.4042 0.4155 0.4268 0.4381
0.2405 0.2405 0.3164 0.3821 0.4479 0.4811 0.4924 0.5037 0.5151
0.2947 0.2947 0.3820 0.4534 0.5248 0.5580 0.5694 0.5807 0.5920
0.3669 0.3669 0.4565 0.5291 0.6017 0.6350 0.6463 0.6576 0.6689
0.4380 0.4380 0.5301 0.6034 0.6767 0.7089 0.7200 0.7310 0.7421
0.5138 0.5138 0.6059 0.6787 0.7516 0.7829 0.7937 0.8044 0.8152
0.5859 0.5859 0.6778 0.7482 0.8186 0.8452 0.8547 0.8642 0.8737
0.6581 0.6581 0.7497 0.8176 0.8855 0.9075 0.9157 0.9239 0.9322
0.7241 0.7241 0.8139 0.8766 0.9370 0.9479 0.9531 0.9582 0.9633
0.7900 0.7900 0.8781 0.9394 0.9884 0.9904 0.9924 0.9944 0.9964
0.8346 0.8346 0.9087 0.9624 0.9940 0.9951 0.9961 0.9972 0.9982
0.8792 0.8792 0.9369 0.9855 0.9998 1.0000 1.0000 1.0000 1.0000
0.9119 0.9119 0.9559 0.9912 0.9999 1.0000 1.0000 1.0000 1.0000
0.9447 0.9447 0.9808 0.9970 1.0000 1.0000 1.0000 1.0000 1.0000
0.9674 0.9674 0.9895 0.9982 1.0000 1.0000 1.0000 1.0000 1.0000
0.9901 0.9901 0.9982 0.9995 1.0000 1.0000 1.0000 1.0000 1.0000
0.9949 0.9949 0.9991 0.9998 1.0000 1.0000 1.0000 1.0000 1.0000
0.9996 0.9996 1.0000 1.0000 1.0000 1.0000 1.0000 1.0000 1.0000
0.9998 0.9998 1.0000 1.0000 1.0000 1.0000 1.0000 1.0000 1.0000
1.0000 1.0000 1.0000 1.0000 1.0000 1.0000 1.0000 1.0000 1.0000
1.0000 1.0000 1.0000 1.0000 1.0000 1.0000 1.0000 1.0000 1.0000
1.0000 1.0000 1.0000 1.0000 1.0000 1.0000 1.0000 1.0000 1.0000
1.0000 1.0000 1.0000 1.0000 1.0000 1.0000 1.0000 1.0000 1.0000
1.0000 1.0000 1.0000 1.0000 1.0000 1.0000 1.0000 1.0000 1.0000
1.0000 1.0000 1.0000 1.0000 1.0000 1.0000 1.0000 1.0000 1.0000
1.0000 1.0000 1.0000 1.0000 1.0000 1.0000 1.0000 1.0000 1.0000
1.0000 1.0000 1.0000 1.0000 1.0000 1.0000 1.0000 1.0000 1.0000
1.0000 1.0000 1.0000 1.0000 1.0000 1.0000 1.0000 1.0000 1.0000
1.0000 1.0000 1.0000 1.0000 1.0000 1.0000 1.0000 1.0000 1.0000
1.0000 1.0000 1.0000 1.0000 1.0000 1.0000 1.0000 1.0000 1.0000
1.0000 1.0000 1.0000 1.0000 1.0000 1.0000 1.0000 1.0000 1.0000
1.0000 1.0000 1.0000 1.0000 1.0000 1.0000 1.0000 1.0000 1.0000
