7 4
LowerBd PerfectInfo PenaltyBd MaxwellBd
0.060
73.992 0.213 0.287
83.716 0.248 0.364
85.460 0.189 0.335
84.208 0.247 0.334
0.070
83.524 0.214 0.326
96.024 0.253 0.417
97.293 0.192 0.373
96.684 0.258 0.385
0.080
93.248 0.229 0.365
107.868 0.267 0.469
107.087 0.153 0.413
108.600 0.269 0.435
0.090
101.672 0.222 0.398
118.332 0.256 0.512
115.917 0.158 0.449
119.144 0.255 0.480
0.100
109.512 0.205 0.429
127.896 0.233 0.552
123.848 0.144 0.479
128.804 0.228 0.520
0.110
116.344 0.215 0.457
136.956 0.238 0.589
131.146 0.143 0.511
137.796 0.234 0.559
0.120
123.388 0.212 0.485
144.920 0.225 0.621
138.133 0.139 0.539
145.688 0.225 0.593
