8
0.040
58.100 74.414 46.750 50.330 53.310
7.535 14.004 6.945 5.998 6.690
0.080
109.420 122.372 86.730 89.600 94.920
8.506 12.213 7.467 7.201 7.702
0.120
147.050 148.599 117.410 118.450 125.260
6.778 9.349 6.925 6.309 5.858
0.160
175.070 168.350 141.330 142.140 148.620
6.920 7.192 6.695 6.369 6.238
0.200
194.830 184.075 158.150 160.380 166.280
6.033 5.427 6.087 5.656 5.750
0.240
209.330 197.630 171.370 175.060 179.150
4.673 5.129 5.383 6.250 5.794
0.280
220.820 209.154 181.410 186.600 190.020
4.526 4.463 5.246 5.843 5.204
0.320
229.270 218.353 189.960 197.010 199.560
4.416 3.439 4.384 5.172 4.938
