8
0.040
57.580 0.388
69.358 0.570
43.270 0.340
44.670 0.320
47.220 0.309
47.310 0.309
0.080
107.300 0.425
116.494 0.540
77.080 0.379
79.190 0.364
83.540 0.348
84.200 0.342
0.120
143.230 0.340
142.920 0.345
103.440 0.400
103.740 0.348
111.100 0.328
111.820 0.331
0.160
169.080 0.352
162.845 0.243
124.450 0.318
123.940 0.412
131.960 0.302
133.340 0.308
0.200
187.190 0.296
176.638 0.226
138.620 0.320
140.590 0.378
147.480 0.325
148.690 0.316
0.240
200.070 0.235
189.625 0.207
150.350 0.285
154.370 0.392
161.220 0.306
162.090 0.296
0.280
210.390 0.219
200.631 0.218
159.960 0.254
164.670 0.312
170.670 0.286
171.460 0.242
0.320
218.850 0.208
209.330 0.187
167.960 0.223
175.080 0.319
179.970 0.248
181.160 0.248
