63 5
0.0000 0.0000 0.0000 0.0000 0.0000
0.0000 0.0000 0.0000 0.0000 0.0000
0.0000 0.0000 0.0000 0.0000 0.0000
0.0000 0.0000 0.0000 0.0000 0.0000
0.0000 0.0000 0.0000 0.0000 0.0000
0.0001 0.0001 0.0001 0.0001 0.0001
0.0002 0.0002 0.0003 0.0003 0.0003
0.0004 0.0004 0.0007 0.0007 0.0007
0.0008 0.0008 0.0013 0.0013 0.0013
0.0016 0.0016 0.0024 0.0024 0.0024
0.0027 0.0027 0.0041 0.0041 0.0041
0.0045 0.0045 0.0066 0.0066 0.0066
0.0071 0.0071 0.0102 0.0102 0.0102
0.0109 0.0109 0.0152 0.0152 0.0152
0.0160 0.0160 0.0219 0.0219 0.0219
0.0230 0.0230 0.0308 0.0308 0.0308
0.0321 0.0321 0.0422 0.0422 0.0422
0.0438 0.0438 0.0568 0.0568 0.0568
0.0585 0.0585 0.0748 0.0748 0.0748
0.0768 0.0768 0.0969 0.0969 0.0969
0.0991 0.0991 0.1234 0.1234 0.1234
0.1258 0.1258 0.1547 0.1547 0.1547
0.1572 0.1572 0.1911 0.1911 0.1911
0.1937 0.1937 0.2327 0.2327 0.2327
0.2353 0.2353 0.2794 0.2794 0.2794
0.2818 0.2818 0.3309 0.3309 0.3309
0.3331 0.3331 0.3867 0.3867 0.3867
0.3884 0.3884 0.4459 0.4459 0.4459
0.4471 0.4471 0.5075 0.5075 0.5075
0.5080 0.5080 0.5700 0.5700 0.5700
0.5698 0.5698 0.6321 0.6321 0.6321
0.6311 0.6311 0.6922 0.6922 0.6922
0.6904 0.6904 0.7486 0.7486 0.7486
0.7462 0.7462 0.8002 0.8002 0.8002
0.7972 0.7972 0.8458 0.8458 0.8458
0.8425 0.8425 0.8848 0.8848 0.8848
0.8814 0.8814 0.9169 0.9169 0.9169
0.9136 0.9136 0.9424 0.9424 0.9424
0.9393 0.9393 0.9616 0.9616 0.9616
0.9590 0.9590 0.9756 0.9756 0.9756
0.9734 0.9734 0.9852 0.9852 0.9852
0.9835 0.9835 0.9915 0.9915 0.9915
0.9903 0.9903 0.9954 0.9954 0.9954
0.9946 0.9946 0.9976 0.9976 0.9976
0.9971 0.9971 0.9989 0.9989 0.9989
0.9986 0.9986 0.9995 0.9995 0.9995
0.9993 0.9993 0.9998 0.9998 0.9998
0.9997 0.9997 0.9999 0.9999 0.9999
0.9999 0.9999 1.0000 1.0000 1.0000
1.0000 1.0000 1.0000 1.0000 1.0000
1.0000 1.0000 1.0000 1.0000 1.0000
1.0000 1.0000 1.0000 1.0000 1.0000
1.0000 1.0000 1.0000 1.0000 1.0000
1.0000 1.0000 1.0000 1.0000 1.0000
1.0000 1.0000 1.0000 1.0000 1.0000
1.0000 1.0000 1.0000 1.0000 1.0000
1.0000 1.0000 1.0000 1.0000 1.0000
1.0000 1.0000 1.0000 1.0000 1.0000
1.0000 1.0000 1.0000 1.0000 1.0000
1.0000 1.0000 1.0000 1.0000 1.0000
1.0000 1.0000 1.0000 1.0000 1.0000
1.0000 1.0000 1.0000 1.0000 1.0000
1.0000 1.0000 1.0000 1.0000 1.0000
